      48.4525
      48.4298
      48.4072
      48.3845
      48.3619
      48.3392
      48.3166
      48.2939
      48.2713
      48.2486
      48.2260
      48.2034
      48.1807
      48.1581
      48.1355
      48.1128
      48.0902
      48.0675
      48.0449
      48.0223
      47.9996
      47.9770
      47.9544
      47.9317
      47.9091
      47.8865
      47.8638
      47.8412
      47.8186
      47.7959
      47.7733
      47.7506
      47.7280
      47.7053
      47.6827
      47.6601
      47.6374
      47.6148
      47.5921
      47.5695
      47.5468
      47.5241
      47.5015
      47.4788
      47.4561
      47.4335
      47.4108
      47.3881
      47.3655
      47.3428
      47.3201
      47.2974
      47.2747
      47.2520
      47.2293
      47.2066
      47.1839
      47.1612
      47.1385
      47.1158
      47.0931
