       48.432288      -86.309827     -0.31895018           0
       48.431443      -86.310186     -0.33174324           0
       48.430598      -86.310545     -0.33174324           0
       48.429753      -86.310904     -0.33993435           0
       48.428909      -86.311264     -0.33993435           0
       48.428064      -86.311624     -0.33993435           1
       48.427220      -86.311983     -0.33993435           1
       48.426374      -86.312342     -0.34812498           1
       48.425529      -86.312701     -0.33174324           1
       48.424683      -86.313060     -0.34812498           1
       48.423838      -86.313419     -0.33993435           1
       48.422994      -86.313778     -0.34812498           1
       48.422149      -86.314137     -0.34094524           1
       48.421304      -86.314496     -0.34094524           1
       48.420459      -86.314855     -0.34094524           1
       48.419614      -86.315213     -0.34913635           1
       48.418769      -86.315572     -0.34913635           1
       48.417924      -86.315931     -0.33275461           1
       48.417079      -86.316291     -0.34094524           1
       48.416233      -86.316651     -0.34094524           1
       48.415389      -86.317010     -0.34094524           1
       48.414544      -86.317369     -0.34094524           1
       48.413699      -86.317727     -0.34094524           1
       48.412854      -86.318085     -0.33634663           1
       48.412010      -86.318443     -0.33634663           1
       48.411165      -86.318803     -0.33634663           1
       48.410319      -86.319162     -0.32815599           1
       48.409474      -86.319521     -0.31996489           1
       48.408629      -86.319880     -0.32815599           1
       48.407784      -86.320238     -0.32815599           1
       48.406940      -86.320597     -0.32815599           1
       48.406095      -86.320956     -0.31996489           2
       48.405249      -86.321314     -0.31996489           2
       48.404404      -86.321672     -0.32355261           2
       48.403559      -86.322031     -0.31536150           2
       48.402714      -86.322390     -0.32355261           2
       48.401869      -86.322749     -0.32355261           2
       48.401024      -86.323107     -0.30717087           2
       48.400180      -86.323466     -0.31536150           2
       48.399335      -86.323825     -0.31536150           2
       48.398490      -86.324184     -0.31536150           2
       48.397645      -86.324544     -0.30717087           2
       48.396800      -86.324902     -0.30717087           2
       48.395956      -86.325259     -0.29897976           2
       48.395111      -86.325617     -0.31229258           2
       48.394266      -86.325976     -0.30410194           2
       48.393421      -86.326336     -0.31229258           2
       48.392576      -86.326694     -0.31229258           2
       48.391731      -86.327053     -0.31895018           2
       48.390886      -86.327412     -0.32714081           2
       48.390041      -86.327771     -0.33533192           2
       48.389196      -86.328130     -0.31895018           2
       48.388352      -86.328489     -0.32714081           2
       48.387507      -86.328848     -0.32714081           2
       48.386662      -86.329206     -0.31895018           2
       48.385817      -86.329564     -0.32099628           2
       48.384972      -86.329923     -0.32918739           2
       48.384127      -86.330282     -0.30461454           2
       48.383282      -86.330640     -0.32099628           3
       48.382438      -86.330998     -0.32918739           3
       48.381593      -86.331356     -0.32099628           3
       48.380748      -86.331714     -0.31280565           3
       48.379903      -86.332073     -0.32099628           3
       48.379058      -86.332432     -0.32099628           3
       48.378214      -86.332790     -0.31280565           3
       48.377368      -86.333149     -0.33327770           3
       48.376523      -86.333507     -0.32508707           3
       48.375678      -86.333865     -0.32508707           3
       48.374833      -86.334225     -0.32508707           3
       48.373988      -86.334583     -0.34146881           3
       48.373142      -86.334941     -0.34965944           3
       48.372297      -86.335299     -0.34146881           3
       48.371452      -86.335656     -0.35785055           3
       48.370608      -86.336015     -0.34146881           3
       48.369763      -86.336374     -0.33327770           3
       48.368918      -86.336733     -0.34146881           3
       48.368073      -86.337091     -0.32867432           3
       48.367228      -86.337449     -0.33686543           3
       48.366383      -86.337807     -0.32048368           3
       48.365538      -86.338164     -0.32867432           3
       48.364693      -86.338522     -0.32867432           3
       48.363848      -86.338880     -0.32867432           3
       48.363003      -86.339238     -0.32867432           3
       48.362158      -86.339596     -0.35832691           3
       48.361313      -86.339954     -0.36651754           3
       48.360468      -86.340313     -0.35013580           4
       48.359623      -86.340673     -0.34194517           4
       48.358778      -86.341030     -0.32250309           4
       48.357933      -86.341387     -0.34707546           4
       48.357089      -86.341746     -0.33888483           4
       48.356243      -86.342103     -0.33069372           4
       48.355398      -86.342461     -0.33069372           4
       48.354553      -86.342819     -0.33069372           4
       48.353708      -86.343177     -0.33888483           4
       48.352863      -86.343535     -0.33069372           4
       48.352018      -86.343893     -0.33069372           4
       48.351174      -86.344251     -0.33069372           4
       48.350329      -86.344610     -0.30307913           4
       48.349484      -86.344967     -0.29488850           4
       48.348638      -86.345323     -0.28669739           4
       48.347793      -86.345682     -0.28669739           4
       48.346948      -86.346040     -0.28669739           4
       48.346103      -86.346398     -0.29488850           4
       48.345258      -86.346757     -0.29488850           4
       48.344413      -86.347114     -0.29488850           4
       48.343568      -86.347471     -0.28669739           4
       48.342723      -86.347828     -0.29488850           4
       48.341878      -86.348187     -0.29488850           4
       48.341032      -86.348544     -0.29335308           4
       48.340187      -86.348902     -0.29335308           4
       48.339342      -86.349260     -0.28516197           4
       48.338497      -86.349618     -0.29335308           4
       48.337652      -86.349977     -0.29335308           5
       48.336807      -86.350335     -0.29335308           5
       48.335962      -86.350692     -0.30154371           5
       48.335116      -86.351050     -0.29335308           5
       48.334271      -86.351407     -0.30154371           5
       48.333427      -86.351766     -0.30154371           5
       48.332582      -86.352124     -0.27697134           5
       48.331736      -86.352482     -0.29335308           5
       48.330891      -86.352840     -0.27697134           5
       48.330047      -86.353198     -0.26878023           5
       48.329202      -86.353556     -0.26878023           5
       48.328357      -86.353914     -0.28516197           5
       48.327512      -86.354272     -0.26878023           5
       48.326667      -86.354630     -0.25239897           5
       48.325821      -86.354987     -0.24420786           5
       48.324976      -86.355344     -0.25239897           5
       48.324130      -86.355702     -0.25239897           5
       48.323285      -86.356060     -0.27645826           5
       48.322440      -86.356417     -0.26826763           5
       48.321595      -86.356776     -0.25188589           5
       48.320750      -86.357134     -0.26007700           5
       48.319905      -86.357492     -0.28464937           5
       48.319060      -86.357849     -0.26007700           5
       48.318215      -86.358206     -0.26007700           5
       48.317370      -86.358564     -0.25188589           5
       48.316525      -86.358922     -0.25188589           5
       48.315680      -86.359280     -0.27645826           5
       48.314835      -86.359638     -0.27645826           6
       48.313991      -86.359996     -0.26826763           6
       48.313146      -86.360353     -0.26007700           6
       48.312300      -86.360711     -0.26007700           6
       48.311456      -86.361068     -0.25188589           6
       48.310611      -86.361425     -0.26826763           6
       48.309765      -86.361783     -0.28464937           6
       48.308919      -86.362140     -0.27645826           6
       48.308074      -86.362497     -0.26007700           6
       48.307229      -86.362855     -0.25188589           6
       48.306385      -86.363213     -0.24369526           6
       48.305540      -86.363570     -0.24317217           6
       48.304695      -86.363926     -0.24317217           6
       48.303849      -86.364283     -0.23498106           6
       48.303005      -86.364641     -0.25136280           6
       48.302160      -86.364999     -0.24163389           6
       48.301315      -86.365356     -0.24163389           6
       48.300469      -86.365713     -0.25801516           6
       48.299624      -86.366071     -0.25801516           6
       48.298780      -86.366429     -0.25801516           6
       48.297935      -86.366786     -0.24982452           6
       48.297089      -86.367142     -0.25801516           6
       48.296243      -86.367499     -0.25493670           6
       48.295398      -86.367857     -0.25493670           6
       48.294552      -86.368213     -0.26312780           6
       48.293707      -86.368571     -0.26312780           6
       48.292862      -86.368928     -0.24674606           6
       48.292018      -86.369286     -0.26312780           7
       48.291173      -86.369644     -0.27131844           7
       48.290328      -86.370002     -0.25493670           7
       48.289483      -86.370360     -0.25493670           7
       48.288637      -86.370716     -0.25493670           7
       48.287792      -86.371072     -0.25493670           7
       48.286948      -86.371429     -0.26466799           7
       48.286102      -86.371786     -0.25647688           7
       48.285257      -86.372143     -0.24828625           7
       48.284412      -86.372500     -0.25647688           7
       48.283567      -86.372857     -0.24009562           7
       48.282721      -86.373213     -0.24828625           7
       48.281875      -86.373570     -0.24009562           7
       48.281031      -86.373927     -0.24828625           7
       48.280186      -86.374285     -0.25647688           7
       48.279341      -86.374642     -0.24828625           7
       48.278495      -86.375000     -0.29078913           7
       48.277649      -86.375357     -0.26621675           7
       48.276805      -86.375714     -0.26621675           7
       48.275959      -86.376070     -0.27440739           7
       48.275114      -86.376427     -0.26621675           7
       48.274269      -86.376785     -0.25802565           7
       48.273425      -86.377142     -0.28259802           7
       48.272580      -86.377499     -0.29845953           7
       48.271734      -86.377857     -0.30665016           7
       48.270889      -86.378214     -0.30665016           7
       48.270044      -86.378570     -0.29845953           8
       48.269198      -86.378927     -0.27339029           8
       48.268353      -86.379284     -0.28977203           8
       48.267509      -86.379640     -0.28158140           8
       48.266664      -86.379998     -0.28158140           8
       48.265819      -86.380356     -0.28977203           8
       48.264974      -86.380714     -0.28158140           8
       48.264128      -86.381070     -0.28158140           8
       48.263283      -86.381426     -0.28158140           8
       48.262438      -86.381783     -0.28158140           8
       48.261593      -86.382141     -0.28158140           8
       48.260748      -86.382498     -0.28977203           8
       48.259903      -86.382855     -0.26928377           8
       48.259057      -86.383212     -0.26928377           8
       48.258212      -86.383568     -0.28566551           8
       48.257367      -86.383924     -0.26928377           8
       48.256523      -86.384280     -0.26928377           8
       48.255676      -86.384638     -0.26928377           8
       48.254831      -86.384995     -0.27747440           8
       48.253986      -86.385352     -0.27747440           8
       48.253141      -86.385709     -0.26928377           8
       48.252296      -86.386066     -0.26928377           8
       48.251451      -86.386423     -0.30154371           8
       48.250606      -86.386778     -0.29335308           8
       48.249761      -86.387135     -0.28516197           8
       48.248916      -86.387491     -0.29335308           8
       48.248071      -86.387848     -0.29335308           8
       48.247225      -86.388206     -0.27697134           9
       48.246379      -86.388564     -0.27697134           9
       48.245533      -86.388920     -0.26878023           9
       48.244688      -86.389275     -0.28516197           9
       48.243843      -86.389632     -0.29335308           9
       48.242998      -86.389990     -0.27697134           9
       48.242152      -86.390347     -0.29130554           9
       48.241308      -86.390703     -0.27492380           9
       48.240463      -86.391059     -0.27492380           9
       48.239618      -86.391416     -0.27492380           9
       48.238772      -86.391773     -0.28311491           9
       48.237927      -86.392129     -0.28311491           9
       48.237082      -86.392486     -0.27492380           9
       48.236237      -86.392842     -0.28311491           9
       48.235391      -86.393197     -0.29130554           9
       48.234545      -86.393554     -0.28311491           9
       48.233700      -86.393911     -0.27492380           9
       48.232856      -86.394267     -0.27339029           9
       48.232011      -86.394623     -0.27339029           9
       48.231165      -86.394980     -0.27339029           9
       48.230320      -86.395337     -0.27339029           9
       48.229474      -86.395694     -0.27339029           9
       48.228629      -86.396051     -0.28158140           9
       48.227784      -86.396407     -0.27339029           9
       48.226939      -86.396763     -0.27339029           9
       48.226094      -86.397120     -0.27339029           9
       48.225249      -86.397477     -0.27339029           9
       48.224404      -86.397833     -0.27339029          10
       48.223559      -86.398189     -0.27339029          10
       48.222713      -86.398546     -0.28158140          10
       48.221868      -86.398902     -0.27339029          10
       48.221023      -86.399258     -0.27339029          10
       48.220178      -86.399615     -0.28158140          10
       48.219333      -86.399972     -0.28158140          10
       48.218487      -86.400330     -0.27339029          10
       48.217642      -86.400686     -0.28158140          10
       48.216797      -86.401042     -0.27339029          10
       48.215952      -86.401399     -0.28158140          10
       48.215106      -86.401756     -0.28158140          10
       48.214260      -86.402112     -0.27339029          10
       48.213415      -86.402467     -0.27339029          10
       48.212570      -86.402823     -0.27339029          10
       48.211725      -86.403180     -0.26519966          10
       48.210879      -86.403537     -0.26519966          10
       48.210034      -86.403894     -0.27339029          10
       48.209189      -86.404250     -0.28158140          10
       48.208344      -86.404607     -0.27339029          10
       48.207499      -86.404964     -0.27339029          10
       48.206654      -86.405321     -0.27339029          10
       48.205808      -86.405678     -0.27492380          10
       48.204963      -86.406035     -0.27492380          10
       48.204118      -86.406391     -0.25854254          10
       48.203272      -86.406747     -0.26673317          10
       48.202426      -86.407104     -0.25854254          10
       48.201581      -86.407461     -0.25854254          11
       48.200735      -86.407818     -0.26673317          11
       48.199890      -86.408174     -0.28311491          11
       48.199045      -86.408531     -0.28311491          11
       48.198200      -86.408887     -0.27492380          11
       48.197355      -86.409243     -0.28413248          11
       48.196509      -86.409600     -0.28413248          11
       48.195664      -86.409957     -0.27594185          11
       48.194818      -86.410313     -0.27594185          11
       48.193973      -86.410669     -0.28413248          11
       48.193128      -86.411026     -0.28413248          11
       48.192283      -86.411382     -0.29232359          11
       48.191437      -86.411738     -0.28413248          11
       48.190591      -86.412094     -0.26775122          11
       48.189745      -86.412451     -0.27594185          11
       48.188900      -86.412807     -0.27594185          11
       48.188055      -86.413163     -0.28667450          11
       48.187210      -86.413519     -0.28667450          11
       48.186364      -86.413875     -0.27848387          11
       48.185519      -86.414232     -0.29486513          11
       48.184674      -86.414587     -0.27848387          11
       48.183828      -86.414943     -0.27029276          11
       48.182983      -86.415300     -0.27848387          11
       48.182138      -86.415657     -0.28307867          11
       48.181293      -86.416013     -0.29126930          11
       48.180447      -86.416369     -0.29126930          11
       48.179601      -86.416726     -0.28307867          11
       48.178757      -86.417081     -0.28767157          12
       48.177912      -86.417437     -0.28767157          12
       48.177067      -86.417793     -0.28767157          12
       48.176221      -86.418150     -0.28767157          12
       48.175375      -86.418506     -0.29586220          12
       48.174530      -86.418862     -0.29586220          12
       48.173685      -86.419218     -0.29586220          12
       48.172840      -86.419574     -0.27128983          12
       48.171994      -86.419930     -0.27948046          12
       48.171149      -86.420285     -0.27948046          12
       48.170304      -86.420641     -0.27794981          12
       48.169459      -86.420997     -0.26975918          12
       48.168613      -86.421353     -0.27794981          12
       48.167768      -86.421710     -0.26975918          12
       48.166922      -86.422066     -0.26975918          12
       48.166077      -86.422422     -0.26156807          12
       48.165232      -86.422778     -0.26975918          12
       48.164387      -86.423132     -0.27794981          12
       48.163542      -86.423489     -0.26975918          12
       48.162697      -86.423846     -0.27794981          12
       48.161852      -86.424201     -0.26975918          12
       48.161006      -86.424557     -0.26669693          12
       48.160161      -86.424913     -0.27488756          12
       48.159316      -86.425269     -0.26669693          12
       48.158471      -86.425625     -0.27488756          12
       48.157625      -86.425981     -0.27488756          12
       48.156780      -86.426336     -0.26669693          13
       48.155935      -86.426693     -0.26669693          13
       48.155090      -86.427049     -0.27488756          13
       48.154244      -86.427405     -0.27488756          13
       48.153398      -86.427760     -0.27488756          13
       48.152553      -86.428118     -0.27641821          13
       48.151708      -86.428474     -0.27794981          13
       48.150863      -86.428830     -0.26975918          13
       48.150017      -86.429187     -0.26975918          13
       48.149172      -86.429542     -0.27794981          13
       48.148327      -86.429897     -0.27794981          13
       48.147482      -86.430253     -0.26975918          13
       48.146637      -86.430609     -0.26975918          13
       48.145791      -86.430964     -0.27794981          13
       48.144945      -86.431319     -0.26975918          13
       48.144099      -86.431676     -0.26975918          13
       48.143254      -86.432032     -0.26822758          13
       48.142409      -86.432388     -0.26822758          13
       48.141564      -86.432743     -0.26003647          13
       48.140718      -86.433099     -0.26822758          13
       48.139872      -86.433456     -0.26003647          13
       48.139027      -86.433812     -0.25184584          13
       48.138181      -86.434167     -0.26822758          13
       48.137337      -86.434522     -0.25184584          13
       48.136491      -86.434878     -0.25184584          13
       48.135645      -86.435234     -0.25184584          13
       48.134800      -86.435590     -0.25184584          13
       48.133955      -86.435945     -0.25697613          14
       48.133109      -86.436301     -0.24878550          14
       48.132264      -86.436657     -0.24878550          14
       48.131418      -86.437013     -0.25697613          14
       48.130573      -86.437368     -0.24878550          14
       48.129728      -86.437722     -0.24878550          14
       48.128883      -86.438078     -0.24878550          14
       48.128038      -86.438434     -0.26516724          14
       48.127192      -86.438790     -0.26516724          14
       48.126347      -86.439146     -0.28154898          14
       48.125501      -86.439502     -0.27029276          14
       48.124655      -86.439857     -0.26210213          14
       48.123810      -86.440212     -0.26210213          14
       48.122965      -86.440567     -0.26210213          14
       48.122120      -86.440923     -0.26516724          14
       48.121274      -86.441278     -0.27335787          14
       48.120428      -86.441632     -0.26516724          14
       48.119582      -86.441989     -0.27335787          14
       48.118737      -86.442345     -0.27335787          14
       48.117891      -86.442700     -0.27335787          14
       48.117046      -86.443055     -0.25697613          14
       48.116201      -86.443411     -0.28505421          14
       48.115357      -86.443766     -0.28505421          14
       48.114511      -86.444122     -0.29324484          14
       48.113666      -86.444476     -0.29324484          14
       48.112821      -86.444832     -0.28505421          14
       48.111975      -86.445187     -0.30962658          14
       48.111129      -86.445542     -0.30143595          15
       48.110284      -86.445897     -0.29324484          15
       48.109439      -86.446252     -0.30143595          15
       48.108593      -86.446607     -0.28505421          15
       48.107748      -86.446961     -0.30143595          15
       48.106902      -86.447316     -0.30546045          15
       48.106057      -86.447671     -0.32184219          15
       48.105211      -86.448026     -0.31365156          15
       48.104366      -86.448381     -0.30546045          15
       48.103521      -86.448737     -0.30546045          15
       48.102675      -86.449093     -0.30546045          15
       48.101830      -86.449449     -0.30546045          15
       48.100984      -86.449804     -0.30546045          15
       48.100139      -86.450159     -0.31365156          15
       48.099294      -86.450515     -0.30546045          15
       48.098449      -86.450870     -0.29782724          15
       48.097603      -86.451225     -0.28963661          15
       48.096757      -86.451581     -0.29782724          15
       48.095912      -86.451937     -0.29782724          15
       48.095067      -86.452292     -0.29782724          15
       48.094221      -86.452646     -0.29782724          15
       48.093375      -86.453000     -0.28963661          15
       48.092530      -86.453355     -0.30601835          15
       48.091685      -86.453710     -0.28963661          15
       48.090839      -86.454065     -0.29782724          15
       48.089993      -86.454421     -0.28144550          15
       48.089148      -86.454777     -0.28449917          15
       48.088304      -86.455133     -0.27630854          16
       48.087457      -86.455488     -0.29269028          16
       48.086612      -86.455842     -0.29269028          16
       48.085767      -86.456197     -0.30088091          16
       48.084922      -86.456553     -0.29269028          16
       48.084076      -86.456909     -0.27630854          16
       48.083231      -86.457264     -0.28449917          16
       48.082386      -86.457618     -0.27630854          16
       48.081540      -86.457971     -0.28449917          16
       48.080695      -86.458325     -0.27630854          16
       48.079849      -86.458681     -0.27227783          16
       48.079004      -86.459037     -0.28046894          16
       48.078159      -86.459392     -0.27227783          16
       48.077313      -86.459747     -0.28046894          16
       48.076468      -86.460102     -0.26408720          16
       48.075622      -86.460457     -0.25589609          16
       48.074777      -86.460813     -0.26408720          16
       48.073932      -86.461167     -0.26408720          16
       48.073087      -86.461521     -0.26408720          16
       48.072241      -86.461876     -0.25589609          16
       48.071396      -86.462232     -0.24365473          16
       48.070551      -86.462587     -0.24365473          16
       48.069706      -86.462940     -0.25184584          16
       48.068861      -86.463296     -0.24365473          16
       48.068015      -86.463651     -0.24365473          16
       48.067170      -86.464006     -0.24365473          16
       48.066324      -86.464360     -0.24365473          16
       48.065479      -86.464714     -0.25184584          17
       48.064633      -86.465068     -0.26003647          17
       48.063788      -86.465423     -0.24365473          17
       48.062943      -86.465778     -0.24365473          17
       48.062098      -86.466132     -0.26309872          17
       48.061252      -86.466487     -0.25544262          17
       48.060407      -86.466841     -0.24725199          17
       48.059562      -86.467196     -0.25544262          17
       48.058717      -86.467550     -0.24725199          17
       48.057870      -86.467905     -0.26363373          17
       48.057024      -86.468260     -0.25544262          17
       48.056179      -86.468614     -0.25544262          17
       48.055334      -86.468968     -0.25544262          17
       48.054488      -86.469323     -0.25544262          17
       48.053643      -86.469678     -0.25544262          17
       48.052798      -86.470032     -0.26669693          17
       48.051953      -86.470386     -0.26669693          17
       48.051107      -86.470742     -0.25850582          17
       48.050261      -86.471097     -0.25850582          17
       48.049416      -86.471452     -0.25850582          17
       48.048570      -86.471805     -0.26669693          17
       48.047725      -86.472159     -0.26669693          17
       48.046879      -86.472513     -0.26669693          17
       48.046033      -86.472867     -0.25031519          17
       48.045188      -86.473221     -0.26669693          17
       48.044342      -86.473575     -0.25643778          17
       48.043497      -86.473929     -0.26462841          18
       48.042652      -86.474283     -0.25643778          18
       48.041806      -86.474637     -0.26462841          18
       48.040960      -86.474991     -0.26462841          18
       48.040115      -86.475346     -0.26462841          18
       48.039270      -86.475701     -0.27281952          18
       48.038425      -86.476056     -0.26462841          18
       48.037579      -86.476410     -0.25643778          18
       48.036734      -86.476764     -0.25643778          18
       48.035888      -86.477119     -0.24824667          18
       48.035042      -86.477474     -0.24770546          18
       48.034197      -86.477829     -0.24770546          18
       48.033351      -86.478183     -0.25589609          18
       48.032506      -86.478537     -0.25589609          18
       48.031660      -86.478892     -0.25283575          18
       48.030814      -86.479246     -0.25283575          18
       48.029968      -86.479600     -0.26102686          18
       48.029123      -86.479956     -0.26102686          18
       48.028277      -86.480310     -0.25283575          18
       48.027432      -86.480664     -0.26102686          18
       48.026587      -86.481018     -0.26867247          18
       48.025741      -86.481373     -0.26048136          18
       48.024896      -86.481727     -0.26867247          18
       48.024051      -86.482081     -0.23590899          18
       48.023205      -86.482435     -0.25229073          18
       48.022360      -86.482789     -0.26048136          18
       48.021515      -86.483143     -0.24409962          18
       48.020669      -86.483498     -0.25229073          19
       48.019823      -86.483851     -0.23590899          19
       48.018978      -86.484205     -0.25229073          19
       48.018132      -86.484559     -0.24409962          19
       48.017287      -86.484914     -0.23951435          19
       48.016442      -86.485268     -0.23951435          19
       48.015596      -86.485622     -0.24770546          19
       48.014751      -86.485976     -0.24770546          19
       48.013905      -86.486332     -0.24770546          19
       48.013059      -86.486685     -0.26408720          19
       48.012213      -86.487038     -0.25589609          19
       48.011368      -86.487393     -0.26408720          19
       48.010522      -86.487747     -0.26408720          19
       48.009677      -86.488101     -0.25589609          19
       48.008832      -86.488455     -0.25589609          19
       48.007987      -86.488809     -0.26768970          19
       48.007141      -86.489162     -0.25949907          19
       48.006295      -86.489516     -0.25949907          19
       48.005450      -86.489869     -0.25949907          19
       48.004605      -86.490222     -0.26768970          19
       48.003759      -86.490576     -0.25949907          19
       48.002914      -86.490930     -0.25130796          19
       48.002069      -86.491284     -0.25949907          19
       48.001223      -86.491637     -0.26309872          19
       48.000378      -86.491991     -0.25490808          19
       47.999533      -86.492345     -0.24365473          19
       47.998687      -86.492700     -0.24365473          19
       47.997840      -86.493054     -0.25184584          20
       47.996994      -86.493408     -0.25184584          20
       47.996149      -86.493763     -0.24365473          20
       47.995303      -86.494116     -0.25184584          20
       47.994458      -86.494470     -0.23546410          20
       47.993613      -86.494823     -0.23546410          20
       47.992768      -86.495176     -0.23546410          20
       47.991922      -86.495529     -0.23546410          20
       47.991076      -86.495882     -0.23546410          20
       47.990230      -86.496237     -0.24257088          20
       47.989385      -86.496591     -0.25076199          20
       47.988539      -86.496945     -0.24257088          20
       47.987694      -86.497298     -0.23438025          20
       47.986849      -86.497652     -0.25076199          20
       47.986003      -86.498005     -0.25895262          20
       47.985157      -86.498358     -0.25076199          20
       47.984312      -86.498712     -0.25076199          20
       47.983466      -86.499065     -0.24257088          20
       47.982620      -86.499419     -0.24257088          20
       47.981774      -86.499773     -0.24257088          20
       47.980928      -86.500127     -0.24409962          20
       47.980083      -86.500481     -0.24409962          20
       47.979238      -86.500834     -0.24409962          20
       47.978391      -86.501187     -0.23590899          20
       47.977546      -86.501541     -0.24409962          20
       47.976701      -86.501894     -0.23590899          20
       47.975855      -86.502248     -0.22771788          20
       47.975010      -86.502602     -0.23590899          21
       47.974165      -86.502956     -0.22771788          21
       47.973319      -86.503310     -0.22771788          21
       47.972473      -86.503665     -0.21395350          21
       47.971627      -86.504018     -0.21395350          21
       47.970782      -86.504371     -0.21548319          21
       47.969936      -86.504724     -0.21548319          21
       47.969090      -86.505077     -0.20729256          21
       47.968244      -86.505431     -0.22367430          21
       47.967399      -86.505784     -0.22367430          21
       47.966553      -86.506137     -0.21548319          21
       47.965707      -86.506491     -0.20729256          21
       47.964862      -86.506844     -0.20729256          21
       47.964017      -86.507197     -0.22367430          21
       47.963171      -86.507550     -0.20576286          21
       47.962326      -86.507904     -0.19757175          21
       47.961480      -86.508257     -0.22214460          21
       47.960634      -86.508610     -0.21395350          21
       47.959789      -86.508964     -0.20576286          21
       47.958944      -86.509318     -0.19757175          21
       47.958099      -86.509672     -0.20576286          21
       47.957254      -86.510025     -0.20576286          21
       47.956408      -86.510377     -0.20576286          21
       47.955562      -86.510730     -0.21395350          21
       47.954716      -86.511083     -0.21395350          21
       47.953870      -86.511437     -0.20270061          21
       47.953024      -86.511790     -0.20270061          21
       47.952180      -86.512142     -0.20270061          22
       47.951334      -86.512496     -0.19450951          22
       47.950489      -86.512850     -0.21089125          22
       47.949643      -86.513204     -0.19450951          22
       47.948797      -86.513557     -0.19450951          22
       47.947951      -86.513909     -0.19450951          22
       47.947105      -86.514262     -0.19450951          22
       47.946260      -86.514616     -0.20270061          22
       47.945415      -86.514969     -0.19144917          22
       47.944570      -86.515322     -0.19144917          22
       47.943725      -86.515676     -0.19144917          22
       47.942880      -86.516030     -0.19144917          22
       47.942034      -86.516381     -0.19144917          22
       47.941188      -86.516734     -0.19144917          22
       47.940343      -86.517088     -0.20423222          22
       47.939497      -86.517441     -0.19604111          22
       47.938651      -86.517793     -0.20423222          22
       47.937805      -86.518146     -0.21242285          22
       47.936960      -86.518499     -0.19604111          22
       47.936115      -86.518852     -0.19964027          22
       47.935269      -86.519205     -0.19144917          22
       47.934424      -86.519558     -0.18325853          22
       47.933578      -86.519910     -0.19964027          22
       47.932732      -86.520262     -0.19144917          22
       47.931887      -86.520615     -0.19964027          22
       47.931041      -86.520969     -0.19964027          22
       47.930196      -86.521323     -0.19964027          23
       47.929350      -86.521675     -0.19964027          23
       47.928504      -86.522027     -0.19144917          23
       47.927659      -86.522380     -0.19144917          23
       47.926813      -86.522732     -0.19964027          23
       47.925968      -86.523085     -0.19964027          23
       47.925123      -86.523438     -0.19144917          23
       47.924277      -86.523791     -0.19964027          23
       47.923431      -86.524143     -0.19144917          23
       47.922585      -86.524496     -0.19964027          23
       47.921741      -86.524850     -0.19144917          23
       47.920895      -86.525203     -0.19144917          23
       47.920049      -86.525555     -0.19144917          23
       47.919203      -86.525909     -0.19144917          23
       47.918357      -86.526261     -0.19450951          23
       47.917511      -86.526615     -0.18631887          23
       47.916666      -86.526969     -0.19450951          23
       47.915820      -86.527321     -0.20270061          23
       47.914975      -86.527674     -0.20270061          23
       47.914129      -86.528027     -0.19450951          23
       47.913283      -86.528380     -0.19450951          23
       47.912437      -86.528732     -0.19450951          23
       47.911591      -86.529084     -0.19450951          23
       47.910745      -86.529437     -0.17812777          23
       47.909900      -86.529790     -0.18730879          23
       47.909054      -86.530143     -0.20216274          23
       47.908209      -86.530496     -0.20216274          23
       47.907364      -86.530849     -0.20216274          24
       47.906518      -86.531202     -0.20216274          24
       47.905673      -86.531555     -0.20216274          24
       47.904827      -86.531908     -0.20216274          24
       47.903980      -86.532261     -0.20216274          24
       47.903134      -86.532614     -0.20216274          24
       47.902289      -86.532966     -0.19397211          24
       47.901444      -86.533318     -0.20216274          24
       47.900599      -86.533671     -0.19757175          24
       47.899753      -86.534024     -0.19757175          24
       47.898908      -86.534376     -0.18938112          24
       47.898062      -86.534728     -0.20576286          24
       47.897216      -86.535081     -0.19757175          24
       47.896371      -86.535433     -0.19757175          24
       47.895525      -86.535786     -0.20576286          24
       47.894679      -86.536138     -0.19757175          24
       47.893834      -86.536491     -0.21395350          24
       47.892988      -86.536843     -0.20576286          24
       47.892143      -86.537196     -0.20576286          24
       47.891297      -86.537549     -0.20576286          24
       47.890452      -86.537901     -0.20576286          24
       47.889606      -86.538253     -0.20576286          24
       47.888761      -86.538606     -0.20576286          24
       47.887915      -86.538958     -0.20576286          24
       47.887070      -86.539311     -0.18938112          24
       47.886225      -86.539663     -0.19757175          24
       47.885379      -86.540015     -0.18938112          24
       47.884533      -86.540367     -0.19757175          25
       47.883688      -86.540722     -0.19757175          25
       47.882842      -86.541073     -0.19757175          25
       47.881996      -86.541425     -0.19757175          25
       47.881151      -86.541777     -0.19757175          25
       47.880305      -86.542130     -0.20576286          25
       47.879460      -86.542483     -0.18938112          25
       47.878614      -86.542835     -0.19757175          25
       47.877770      -86.543186     -0.19757175          25
       47.876923      -86.543538     -0.18938112          25
       47.876078      -86.543890     -0.18938112          25
       47.875232      -86.544242     -0.19757175          25
       47.874386      -86.544595     -0.20576286          25
       47.873541      -86.544947     -0.20216274          25
       47.872695      -86.545299     -0.20216274          25
       47.871849      -86.545653     -0.21035385          25
       47.871004      -86.546005     -0.19397211          25
       47.870158      -86.546357     -0.18578100          25
       47.869312      -86.546709     -0.20216274          25
       47.868467      -86.547061     -0.20216274          25
       47.867621      -86.547414     -0.19397211          25
       47.866775      -86.547766     -0.19397211          25
       47.865930      -86.548118     -0.19397211          25
       47.865083      -86.548471     -0.20216274          25
       47.864237      -86.548824     -0.20008612          25
       47.863391      -86.549177     -0.20008612          25
       47.862543      -86.549529     -0.20008612          25
       47.861697      -86.549882     -0.20008612          26
       47.860852      -86.550234     -0.20827675          26
       47.860007      -86.550587     -0.20827675          26
       47.859160      -86.550939     -0.20008612          26
       47.858314      -86.551291     -0.20008612          26
       47.857469      -86.551644     -0.20008612          26
       47.856624      -86.551996     -0.19189501          26
       47.855778      -86.552349     -0.20008612          26
       47.854933      -86.552702     -0.20008612          26
       47.854087      -86.553055     -0.20827675          26
       47.853241      -86.553407     -0.19189501          26
       47.852395      -86.553759     -0.19189501          26
       47.851550      -86.554111     -0.20008612          26
       47.850705      -86.554464     -0.20008612          26
       47.849860      -86.554816     -0.19189501          26
       47.849015      -86.555169     -0.20467520          26
       47.848169      -86.555521     -0.19648409          26
       47.847323      -86.555872     -0.19648409          26
       47.846477      -86.556224     -0.20314550          26
       47.845631      -86.556577     -0.19495440          26
       47.844786      -86.556930     -0.21133614          26
       47.843941      -86.557283     -0.21133614          26
       47.843095      -86.557635     -0.20314550          26
       47.842250      -86.557986     -0.20314550          26
       47.841404      -86.558340     -0.19495440          26
       47.840558      -86.558692     -0.19495440          26
       47.839714      -86.559043     -0.18676376          27
       47.838868      -86.559395     -0.19495440          27
       47.838023      -86.559748     -0.18676376          27
       47.837177      -86.560100     -0.22146273          27
       47.836331      -86.560452     -0.22146273          27
       47.835487      -86.560805     -0.22146273          27
       47.834642      -86.561158     -0.21327162          27
       47.833797      -86.561510     -0.22146273          27
       47.832951      -86.561861     -0.21327162          27
       47.832106      -86.562213     -0.21327162          27
       47.831260      -86.562565     -0.22146273          27
       47.830415      -86.562917     -0.22965336          27
       47.829570      -86.563269     -0.22146273          27
       47.828724      -86.563622     -0.22965336          27
       47.827878      -86.563974     -0.21383715          27
       47.827032      -86.564326     -0.21383715          27
       47.826187      -86.564679     -0.21383715          27
       47.825341      -86.565031     -0.20564604          27
       47.824496      -86.565383     -0.21383715          27
       47.823650      -86.565735     -0.20564604          27
       47.822805      -86.566086     -0.20564604          27
       47.821959      -86.566438     -0.22202778          27
       47.821114      -86.566791     -0.20564604          27
       47.820269      -86.567143     -0.20564604          27
       47.819424      -86.567495     -0.20772791          27
       47.818578      -86.567848     -0.21230745          27
       47.817733      -86.568199     -0.20411634          27
       47.816886      -86.568551     -0.21230745          28
       47.816040      -86.568903     -0.20411634          28
       47.815194      -86.569256     -0.21230745          28
       47.814349      -86.569609     -0.20411634          28
       47.813504      -86.569960     -0.20411634          28
       47.812658      -86.570311     -0.20411634          28
       47.811812      -86.570663     -0.21230745          28
       47.810966      -86.571015     -0.18773460          28
       47.810120      -86.571367     -0.19036913          28
       47.809275      -86.571719     -0.19036913          28
       47.808429      -86.572071     -0.19856024          28
       47.807583      -86.572422     -0.20675087          28
       47.806738      -86.572774     -0.19856024          28
       47.805892      -86.573127     -0.19036913          28
       47.805046      -86.573480     -0.19856024          28
       47.804201      -86.573832     -0.19036913          28
       47.803355      -86.574183     -0.19036913          28
       47.802511      -86.574536     -0.19036913          28
       47.801665      -86.574888     -0.19856024          28
       47.800818      -86.575240     -0.19800997          28
       47.799973      -86.575592     -0.21439171          28
       47.799127      -86.575944     -0.19800997          28
       47.798281      -86.576297     -0.20620108          28
       47.797435      -86.576648     -0.21439171          28
       47.796590      -86.577000     -0.21439171          28
       47.795744      -86.577352     -0.19800997          28
       47.794899      -86.577705     -0.19800997          28
       47.794054      -86.578057     -0.19800997          29
       47.793208      -86.578408     -0.20620108          29
       47.792361      -86.578759     -0.21078157          29
       47.791515      -86.579112     -0.21078157          29
       47.790670      -86.579463     -0.21078157          29
       47.789825      -86.579815     -0.20259047          29
       47.788979      -86.580166     -0.20259047          29
       47.788134      -86.580518     -0.20314550          29
       47.787289      -86.580870     -0.19495440          29
       47.786443      -86.581222     -0.21133614          29
       47.785598      -86.581573     -0.20314550          29
       47.784753      -86.581925     -0.20314550          29
       47.783907      -86.582277     -0.20314550          29
       47.783061      -86.582629     -0.20314550          29
       47.782215      -86.582980     -0.20314550          29
       47.781370      -86.583332     -0.19495440          29
       47.780525      -86.583684     -0.20314550          29
       47.779679      -86.584035     -0.21133614          29
       47.778834      -86.584386     -0.20314550          29
       47.777989      -86.584738     -0.21133614          29
       47.777143      -86.585091     -0.19495440          29
       47.776297      -86.585442     -0.19495440          29
       47.775452      -86.585793     -0.20314550          29
       47.774606      -86.586145     -0.20925570          29
       47.773760      -86.586497     -0.20925570          29
       47.772914      -86.586849     -0.20925570          29
       47.772069      -86.587200     -0.20925570          29
       47.771224      -86.587552     -0.20925570          30
       47.770379      -86.587903     -0.19287395          30
       47.769533      -86.588254     -0.20925570          30
       47.768688      -86.588605     -0.20106459          30
       47.767841      -86.588957     -0.19287395          30
       47.766995      -86.589308     -0.20925570          30
       47.766149      -86.589659     -0.20106459          30
       47.765303      -86.590011     -0.20259047          30
       47.764458      -86.590362     -0.19439983          30
       47.763612      -86.590714     -0.21078157          30
       47.762767      -86.591065     -0.19439983          30
       47.761921      -86.591415     -0.20259047          30
       47.761075      -86.591766     -0.18620872          30
       47.760229      -86.592117     -0.19439983          30
       47.759383      -86.592469     -0.18620872          30
       47.758538      -86.592821     -0.20259047          30
       47.757692      -86.593172     -0.19897938          30
       47.756845      -86.593523     -0.21536112          30
       47.756000      -86.593874     -0.20717001          30
       47.755154      -86.594225     -0.19897938          30
       47.754308      -86.594576     -0.19897938          30
       47.753463      -86.594926     -0.20717001          30
       47.752617      -86.595278     -0.19897938          30
       47.751771      -86.595630     -0.19078827          30
       47.750925      -86.595980     -0.19897938          30
       47.750080      -86.596331     -0.19897938          30
       47.749234      -86.596681     -0.19897938          30
       47.748388      -86.597032     -0.19078827          31
       47.747541      -86.597384     -0.20203114          31
       47.746696      -86.597735     -0.19384003          31
       47.745850      -86.598086     -0.20203114          31
       47.745005      -86.598438     -0.19384003          31
       47.744160      -86.598791     -0.20203114          31
       47.743314      -86.599142     -0.20203114          31
       47.742468      -86.599492     -0.19384003          31
       47.741623      -86.599843     -0.19384003          31
       47.740777      -86.600194     -0.19384003          31
       47.739931      -86.600545     -0.20203114          31
       47.739086      -86.600896     -0.18564939          31
       47.738240      -86.601247     -0.17857265          31
       47.737395      -86.601598     -0.17857265          31
       47.736549      -86.601949     -0.17857265          31
       47.735703      -86.602298     -0.18676376          31
       47.734856      -86.602650     -0.18676376          31
       47.734011      -86.603001     -0.18676376          31
       47.733166      -86.603353     -0.17857265          31
       47.732321      -86.603704     -0.17038202          31
       47.731475      -86.604055     -0.17857265          31
       47.730629      -86.604405     -0.17857265          31
       47.729784      -86.604755     -0.17857265          31
       47.728938      -86.605106     -0.17496443          31
       47.728092      -86.605457     -0.18315506          31
       47.727247      -86.605808     -0.18620872          31
       47.726402      -86.606160     -0.19439983          32
       47.725556      -86.606511     -0.18620872          32
       47.724710      -86.606862     -0.18620872          32
       47.723864      -86.607213     -0.18620872          32
       47.723019      -86.607563     -0.17801809          32
       47.722173      -86.607914     -0.18620872          32
       47.721328      -86.608264     -0.19439983          32
       47.720483      -86.608614     -0.18107367          32
       47.719637      -86.608964     -0.18926430          32
       47.718791      -86.609315     -0.18107367          32
       47.717945      -86.609666     -0.18107367          32
       47.717099      -86.610016     -0.18926430          32
       47.716253      -86.610367     -0.18107367          32
       47.715408      -86.610717     -0.18926430          32
       47.714562      -86.611068     -0.18926430          32
       47.713717      -86.611418     -0.18926430          32
       47.712871      -86.611769     -0.19745541          32
       47.712025      -86.612119     -0.19745541          32
       47.711180      -86.612470     -0.17704391          32
       47.710334      -86.612820     -0.17704391          32
       47.709488      -86.613170     -0.17704391          32
       47.708643      -86.613521     -0.16885328          32
       47.707797      -86.613872     -0.17704391          32
       47.706951      -86.614223     -0.17704391          32
       47.706105      -86.614573     -0.17704391          32
       47.705259      -86.614924     -0.17704391          32
       47.704413      -86.615275     -0.16885328          32
       47.703567      -86.615625     -0.18523502          33
       47.702722      -86.615974     -0.16885328          33
       47.701875      -86.616324     -0.16939926          33
       47.701029      -86.616675     -0.16120863          33
       47.700183      -86.617025     -0.16120863          33
       47.699338      -86.617375     -0.16120863          33
       47.698492      -86.617725     -0.16939926          33
       47.697646      -86.618075     -0.16120863          33
       47.696799      -86.618426     -0.15508699          33
       47.695954      -86.618777     -0.14689589          33
       47.695108      -86.619127     -0.16327763          33
       47.694262      -86.619477     -0.15508699          33
       47.693416      -86.619827     -0.16579676          33
       47.692571      -86.620177     -0.17398739          33
       47.691725      -86.620527     -0.17398739          33
       47.690880      -86.620878     -0.17398739          33
       47.690034      -86.621228     -0.17398739          33
       47.689188      -86.621578     -0.17398739          33
       47.688342      -86.621927     -0.17398739          33
       47.687496      -86.622278     -0.15760565          33
       47.686651      -86.622628     -0.16579676          33
       47.685805      -86.622978     -0.16579676          33
       47.684959      -86.623328     -0.16579676          33
       47.684113      -86.623678     -0.17954397          33
       47.683267      -86.624029     -0.17954397          33
       47.682422      -86.624379     -0.17135286          33
       47.681576      -86.624729     -0.17954397          33
       47.680730      -86.625080     -0.17135286          34
       47.679885      -86.625430     -0.17954397          34
       47.679038      -86.625780     -0.18773460          34
       47.678193      -86.626130     -0.17954397          34
       47.677347      -86.626480     -0.17954397          34
       47.676500      -86.626831     -0.18773460          34
       47.675654      -86.627181     -0.16579676          34
       47.674809      -86.627531     -0.15760565          34
       47.673963      -86.627881     -0.15760565          34
       47.673117      -86.628231     -0.16579676          34
       47.672271      -86.628581     -0.17398739          34
       47.671425      -86.628931     -0.16579676          34
       47.670579      -86.629281     -0.17398739          34
       47.669734      -86.629632     -0.15760565          34
       47.668888      -86.629982     -0.16579676          34
       47.668042      -86.630332     -0.15760565          34
       47.667196      -86.630681     -0.16579676          34
       47.666351      -86.631031     -0.17288256          34
       47.665505      -86.631381     -0.17288256          34
       47.664659      -86.631731     -0.16469193          34
       47.663814      -86.632081     -0.16469193          34
       47.662968      -86.632431     -0.18107367          34
       47.662122      -86.632781     -0.18107367          34
       47.661276      -86.633131     -0.18926430          34
       47.660431      -86.633481     -0.18107367          34
       47.659586      -86.633832     -0.18107367          34
       47.658740      -86.634182     -0.18107367          34
       47.657894      -86.634531     -0.18107367          35
       47.657048      -86.634881     -0.18564939          35
       47.656201      -86.635232     -0.18564939          35
       47.655356      -86.635582     -0.18564939          35
       47.654509      -86.635931     -0.19384003          35
       47.653664      -86.636281     -0.18564939          35
       47.652819      -86.636632     -0.18564939          35
       47.651973      -86.636982     -0.19384003          35
       47.651127      -86.637331     -0.18564939          35
       47.650281      -86.637680     -0.18564939          35
       47.649434      -86.638029     -0.18564939          35
       47.648589      -86.638379     -0.18564939          35
       47.647743      -86.638729     -0.17745829          35
       47.646898      -86.639080     -0.17745829          35
       47.646052      -86.639431     -0.18564939          35
       47.645207      -86.639781     -0.17745829          35
       47.644361      -86.640131     -0.18564939          35
       47.643515      -86.640481     -0.18564939          35
       47.642669      -86.640830     -0.19384003          35
       47.641823      -86.641179     -0.17745829          35
       47.640977      -86.641529     -0.18564939          35
       47.640132      -86.641878     -0.17745829          35
       47.639286      -86.642228     -0.19022417          35
       47.638440      -86.642579     -0.18203306          35
       47.637593      -86.642928     -0.19022417          35
       47.636747      -86.643278     -0.18203306          35
       47.635902      -86.643628     -0.18564939          35
       47.635057      -86.643979     -0.18564939          36
       47.634211      -86.644328     -0.18564939          36
       47.633365      -86.644677     -0.19384003          36
       47.632519      -86.645027     -0.19384003          36
       47.631673      -86.645377     -0.17745829          36
       47.630827      -86.645727     -0.18564939          36
       47.629981      -86.646076     -0.18869925          36
       47.629135      -86.646425     -0.17231750          36
       47.628288      -86.646776     -0.18869925          36
       47.627443      -86.647126     -0.18869925          36
       47.626598      -86.647477     -0.18869925          36
       47.625753      -86.647827     -0.18050814          36
       47.624907      -86.648176     -0.18869925          36
       47.624061      -86.648525     -0.18050814          36
       47.623215      -86.648875     -0.18869925          36
       47.622368      -86.649226     -0.18050814          36
       47.621523      -86.649576     -0.18355703          36
       47.620677      -86.649926     -0.19174814          36
       47.619831      -86.650275     -0.19174814          36
       47.618985      -86.650625     -0.19174814          36
       47.618139      -86.650975     -0.19174814          36
       47.617293      -86.651325     -0.18355703          36
       47.616447      -86.651675     -0.19174814          36
       47.615602      -86.652024     -0.19174814          36
       47.614756      -86.652374     -0.18355703          36
       47.613911      -86.652724     -0.19174814          36
       47.613065      -86.653073     -0.18355703          37
       47.612218      -86.653423     -0.19174814          37
       47.611372      -86.653774     -0.19174814          37
       47.610526      -86.654124     -0.18355703          37
       47.609681      -86.654473     -0.19174814          37
       47.608835      -86.654822     -0.19174814          37
       47.607990      -86.655172     -0.18355703          37
       47.607145      -86.655522     -0.18355703          37
       47.606299      -86.655872     -0.18355703          37
       47.605452      -86.656222     -0.18355703          37
       47.604607      -86.656570     -0.18869925          37
       47.603761      -86.656920     -0.17231750          37
       47.602915      -86.657271     -0.16830111          37
       47.602069      -86.657621     -0.16011047          37
       47.601223      -86.657970     -0.16830111          37
       47.600378      -86.658319     -0.17649221          37
       47.599532      -86.658670     -0.16830111          37
       47.598686      -86.659019     -0.17649221          37
       47.597841      -86.659369     -0.17649221          37
       47.596995      -86.659718     -0.16830111          37
       47.596149      -86.660067     -0.17649221          37
       47.595304      -86.660418     -0.17649221          37
       47.594458      -86.660768     -0.17038202          37
       47.593613      -86.661118     -0.15400028          37
       47.592768      -86.661466     -0.16219091          37
       47.591921      -86.661815     -0.15400028          37
       47.591075      -86.662165     -0.16219091          37
       47.590228      -86.662515     -0.16219091          38
       47.589383      -86.662863     -0.17038202          38
       47.588538      -86.663212     -0.17038202          38
       47.587693      -86.663563     -0.17038202          38
       47.586846      -86.663912     -0.15400028          38
       47.586000      -86.664261     -0.17038202          38
       47.585154      -86.664610     -0.15344572          38
       47.584308      -86.664961     -0.17801809          38
       47.583463      -86.665310     -0.17801809          38
       47.582617      -86.665659     -0.16982698          38
       47.581771      -86.666008     -0.16982698          38
       47.580926      -86.666356     -0.16982698          38
       47.580081      -86.666705     -0.17801809          38
       47.579234      -86.667056     -0.16982698          38
       47.578389      -86.667405     -0.16982698          38
       47.577543      -86.667754     -0.16163635          38
       47.576697      -86.668103     -0.17801809          38
       47.575850      -86.668452     -0.18508196          38
       47.575004      -86.668801     -0.17689133          38
       47.574158      -86.669151     -0.16469193          38
       47.573313      -86.669500     -0.16469193          38
       47.572467      -86.669849     -0.18107367          38
       47.571621      -86.670198     -0.16469193          38
       47.570775      -86.670548     -0.17288256          38
       47.569929      -86.670897     -0.17288256          38
       47.569083      -86.671247     -0.17288256          38
       47.568237      -86.671595     -0.16469193          38
       47.567390      -86.671944     -0.16926765          39
       47.566545      -86.672294     -0.17745829          39
       47.565699      -86.672643     -0.17745829          39
       47.564853      -86.672992     -0.16926765          39
       47.564007      -86.673342     -0.17745829          39
       47.563161      -86.673691     -0.17745829          39
       47.562315      -86.674040     -0.16926765          39
       47.561468      -86.674389     -0.16926765          39
       47.560623      -86.674740     -0.16926765          39
       47.559778      -86.675090     -0.17745829          39
       47.558932      -86.675439     -0.17745829          39
       47.558085      -86.675787     -0.17898417          39
       47.557239      -86.676136     -0.17898417          39
       47.556393      -86.676485     -0.17898417          39
       47.555547      -86.676835     -0.17898417          39
       47.554701      -86.677184     -0.17898417          39
       47.553855      -86.677533     -0.18717527          39
       47.553008      -86.677882     -0.17079353          39
       47.552162      -86.678231     -0.18717527          39
       47.551317      -86.678581     -0.18717527          39
       47.550471      -86.678930     -0.17898417          39
       47.549625      -86.679278     -0.17135286          39
       47.548779      -86.679627     -0.17954397          39
       47.547933      -86.679977     -0.17135286          39
       47.547087      -86.680326     -0.17135286          39
       47.546240      -86.680674     -0.17954397          39
       47.545394      -86.681024     -0.16316223          39
       47.544548      -86.681373     -0.17954397          40
       47.543702      -86.681722     -0.16524649          40
       47.542856      -86.682070     -0.16524649          40
       47.542010      -86.682419     -0.17343760          40
       47.541164      -86.682767     -0.17343760          40
       47.540319      -86.683115     -0.15858269          40
       47.539473      -86.683464     -0.16677332          40
       47.538627      -86.683813     -0.16677332          40
       47.537781      -86.684162     -0.16677332          40
       47.536935      -86.684511     -0.16677332          40
       47.536090      -86.684859     -0.16677332          40
       47.535244      -86.685207     -0.15858269          40
       47.534398      -86.685556     -0.15858269          40
       47.533552      -86.685904     -0.16677332          40
       47.532705      -86.686253     -0.15858269          40
       47.531859      -86.686602     -0.17496443          40
       47.531013      -86.686951     -0.16830111          40
       47.530168      -86.687299     -0.16830111          40
       47.529322      -86.687648     -0.16011047          40
       47.528476      -86.687996     -0.16011047          40
       47.527630      -86.688344     -0.16830111          40
       47.526784      -86.688693     -0.16011047          40
       47.525939      -86.689041     -0.16830111          40
       47.525093      -86.689390     -0.16011047          40
       47.524246      -86.689737     -0.16011047          40
       47.523399      -86.690085     -0.16011047          40
       47.522554      -86.690433     -0.16830111          41
       47.521708      -86.690781     -0.17649221          41
       47.520862      -86.691131     -0.16830111          41
       47.520016      -86.691480     -0.16830111          41
       47.519171      -86.691829     -0.16830111          41
       47.518324      -86.692177     -0.15191984          41
       47.517478      -86.692525     -0.16011047          41
       47.516632      -86.692873     -0.16011047          41
       47.515786      -86.693222     -0.16011047          41
       47.514940      -86.693570     -0.16011047          41
       47.514094      -86.693917     -0.15191984          41
       47.513248      -86.694265     -0.15858269          41
       47.512403      -86.694613     -0.16372061          41
       47.511557      -86.694962     -0.15552998          41
       47.510710      -86.695311     -0.15552998          41
       47.509865      -86.695660     -0.16372061          41
       47.509019      -86.696007     -0.16372061          41
       47.508174      -86.696355     -0.15552998          41
       47.507328      -86.696703     -0.14733934          41
       47.506482      -86.697051     -0.15552998          41
       47.505636      -86.697400     -0.17191172          41
       47.504789      -86.697748     -0.15552998          41
       47.503944      -86.698095     -0.15039206          41
       47.503097      -86.698443     -0.15858269          41
       47.502251      -86.698792     -0.14220095          41
       47.501406      -86.699141     -0.15858269          41
       47.500560      -86.699489     -0.15858269          41
       47.499714      -86.699837     -0.16677332          42
       47.498868      -86.700185     -0.15039206          42
       47.498021      -86.700534     -0.15858269          42
       47.497175      -86.700883     -0.15858269          42
       47.496329      -86.701231     -0.15858269          42
       47.495484      -86.701577     -0.17536640          42
       47.494638      -86.701926     -0.17536640          42
       47.493792      -86.702275     -0.16717577          42
       47.492945      -86.702622     -0.17536640          42
       47.492100      -86.702971     -0.17536640          42
       47.491254      -86.703318     -0.17536640          42
       47.490408      -86.703665     -0.16717577          42
       47.489562      -86.704014     -0.17536640          42
       47.488716      -86.704362     -0.16717577          42
       47.487870      -86.704710     -0.16717577          42
       47.487023      -86.705057     -0.18355703          42
       47.486178      -86.705405     -0.17783880          42
       47.485332      -86.705752     -0.18602943          42
       47.484486      -86.706100     -0.17783880          42
       47.483640      -86.706447     -0.19422007          42
       47.482793      -86.706797     -0.17783880          42
       47.481947      -86.707145     -0.15954924          42
       47.481101      -86.707492     -0.15954924          42
       47.480255      -86.707841     -0.16773987          42
       47.479409      -86.708187     -0.16773987          42
       47.478563      -86.708534     -0.16773987          42
       47.477717      -86.708883     -0.16773987          42
       47.476871      -86.709231     -0.15954924          43
       47.476025      -86.709579     -0.16773987          43
       47.475179      -86.709926     -0.16773987          43
       47.474333      -86.710274     -0.16773987          43
       47.473488      -86.710622     -0.16773987          43
       47.472642      -86.710970     -0.16773987          43
       47.471795      -86.711317     -0.16773987          43
       47.470949      -86.711664     -0.17593050          43
       47.470104      -86.712012     -0.16773987          43
       47.469258      -86.712360     -0.16773987          43
       47.468411      -86.712708     -0.15497160          43
       47.467565      -86.713056     -0.16316223          43
       47.466719      -86.713402     -0.15497160          43
       47.465874      -86.713749     -0.16316223          43
       47.465028      -86.714096     -0.17135286          43
       47.464182      -86.714444     -0.16316223          43
       47.463336      -86.714792     -0.16316223          43
       47.462490      -86.715139     -0.15497160          43
       47.461645      -86.715487     -0.17135286          43
       47.460799      -86.715835     -0.17135286          43
       47.459952      -86.716182     -0.16316223          43
       47.459106      -86.716529     -0.14886522          43
       47.458260      -86.716876     -0.14886522          43
       47.457414      -86.717223     -0.15705585          43
       47.456568      -86.717571     -0.15705585          43
       47.455722      -86.717919     -0.15705585          43
       47.454876      -86.718267     -0.15705585          43
       47.454030      -86.718615     -0.15705585          44
       47.453184      -86.718961     -0.15705585          44
       47.452338      -86.719308     -0.15705585          44
       47.451493      -86.719654     -0.15705585          44
       47.450646      -86.720003     -0.16316223          44
       47.449800      -86.720352     -0.16316223          44
       47.448954      -86.720700     -0.16316223          44
       47.448109      -86.721047     -0.16316223          44
       47.447263      -86.721394     -0.16316223          44
       47.446418      -86.721742     -0.17135286          44
       47.445571      -86.722091     -0.16316223          44
       47.444726      -86.722437     -0.16316223          44
       47.443880      -86.722785     -0.16316223          44
       47.443034      -86.723132     -0.15497160          44
       47.442188      -86.723481     -0.15497160          44
       47.441341      -86.723829     -0.16163635          44
       47.440495      -86.724176     -0.15344572          44
       47.439649      -86.724523     -0.16163635          44
       47.438803      -86.724869     -0.16163635          44
       47.437957      -86.725217     -0.16163635          44
       47.437111      -86.725565     -0.15344572          44
       47.436265      -86.725913     -0.15344572          44
       47.435418      -86.726260     -0.15344572          44
       47.434572      -86.726608     -0.15344572          44
       47.433727      -86.726956     -0.15344572          44
       47.432881      -86.727303     -0.15344572          44
       47.432035      -86.727651     -0.16717577          44
       47.431189      -86.727999     -0.16717577          45
       47.430341      -86.728347     -0.16717577          45
       47.429496      -86.728694     -0.16717577          45
       47.428650      -86.729041     -0.18355703          45
       47.427804      -86.729387     -0.17536640          45
       47.426958      -86.729734     -0.16717577          45
       47.426112      -86.730082     -0.16717577          45
       47.425265      -86.730430     -0.17536640          45
       47.424419      -86.730777     -0.16717577          45
       47.423574      -86.731124     -0.17935991          45
       47.422728      -86.731471     -0.17935991          45
       47.421882      -86.731819     -0.18755054          45
       47.421037      -86.732166     -0.18755054          45
       47.420191      -86.732513     -0.17841339          45
       47.419344      -86.732860     -0.17022276          45
       47.418498      -86.733209     -0.17841339          45
       47.417652      -86.733556     -0.17022276          45
       47.416806      -86.733903     -0.17022276          45
       47.415960      -86.734252     -0.17022276          45
       47.415114      -86.734599     -0.17022276          45
       47.414268      -86.734946     -0.18146229          45
       47.413422      -86.735293     -0.17327166          45
       47.412576      -86.735640     -0.17327166          45
       47.411730      -86.735987     -0.17327166          45
       47.410885      -86.736334     -0.16508055          45
       47.410039      -86.736681     -0.17327166          45
       47.409193      -86.737030     -0.17327166          46
       47.408347      -86.737376     -0.17327166          46
       47.407502      -86.737722     -0.17327166          46
       47.406656      -86.738069     -0.17327166          46
       47.405810      -86.738417     -0.18146229          46
       47.404963      -86.738765     -0.17841339          46
       47.404117      -86.739111     -0.16203165          46
       47.403271      -86.739458     -0.16203165          46
       47.402425      -86.739806     -0.17022276          46
       47.401579      -86.740154     -0.16203165          46
       47.400733      -86.740501     -0.17022276          46
       47.399887      -86.740847     -0.17022276          46
       47.399041      -86.741193     -0.17841339          46
       47.398195      -86.741540     -0.17022276          46
       47.397349      -86.741887     -0.16203165          46
       47.396503      -86.742235     -0.16260290          46
       47.395657      -86.742583     -0.15441179          46
       47.394811      -86.742929     -0.16260290          46
       47.393965      -86.743276     -0.16260290          46
       47.393119      -86.743623     -0.17079353          46
       47.392272      -86.743971     -0.17079353          46
       47.391426      -86.744318     -0.16260290          46
       47.390581      -86.744665     -0.16260290          46
       47.389735      -86.745013     -0.17079353          46
       47.388888      -86.745359     -0.16260290          46
       47.388042      -86.745706     -0.16260290          46
       47.387196      -86.746054     -0.16107702          46
       47.386350      -86.746401     -0.16926765          47
       47.385504      -86.746748     -0.16107702          47
       47.384658      -86.747095     -0.16107702          47
       47.383812      -86.747441     -0.16926765          47
       47.382966      -86.747788     -0.16107702          47
       47.382119      -86.748136     -0.15288591          47
       47.381273      -86.748484     -0.14469528          47
       47.380428      -86.748831     -0.16926765          47
       47.379581      -86.749179     -0.15288591          47
       47.378734      -86.749526     -0.16107702          47
       47.377888      -86.749873     -0.16565180          47
       47.377041      -86.750220     -0.16565180          47
       47.376195      -86.750568     -0.16565180          47
       47.375350      -86.750914     -0.15746069          47
       47.374503      -86.751260     -0.16565180          47
       47.373657      -86.751607     -0.17384243          47
       47.372811      -86.751955     -0.16565180          47
       47.371965      -86.752303     -0.17384243          47
       47.371119      -86.752650     -0.17384243          47
       47.370273      -86.752997     -0.16565180          47
       47.369427      -86.753345     -0.16050959          47
       47.368580      -86.753693     -0.16050959          47
       47.367734      -86.754038     -0.16050959          47
       47.366888      -86.754384     -0.16870070          47
       47.366043      -86.754731     -0.16870070          47
       47.365196      -86.755080     -0.16870070          47
       47.364350      -86.755427     -0.16870070          47
       47.363505      -86.755774     -0.17689133          48
       47.362658      -86.756121     -0.16050959          48
       47.361812      -86.756467     -0.16870070          48
       47.360965      -86.756813     -0.16870070          48
       47.360120      -86.757160     -0.16870070          48
       47.359274      -86.757506     -0.16050959          48
       47.358427      -86.757854     -0.16355658          48
       47.357581      -86.758201     -0.17174768          48
       47.356736      -86.758548     -0.17993832          48
       47.355890      -86.758895     -0.17174768          48
       47.355043      -86.759242     -0.17174768          48
       47.354197      -86.759589     -0.17993832          48
       47.353351      -86.759936     -0.15536594          48
       47.352505      -86.760283     -0.17174768          48
       47.351660      -86.760630     -0.16870070          48
       47.350813      -86.760977     -0.16870070          48
       47.349966      -86.761324     -0.16870070          48
       47.349120      -86.761671     -0.16050959          48
       47.348274      -86.762017     -0.16870070          48
       47.347428      -86.762364     -0.16870070          48
       47.346582      -86.762710     -0.16050959          48
       47.345736      -86.763056     -0.16050959          48
       47.344890      -86.763403     -0.16050959          48
       47.344044      -86.763748     -0.16870070          48
       47.343197      -86.764095     -0.16870070          48
       47.342351      -86.764442     -0.16412687          48
       47.341504      -86.764788     -0.15593576          48
       47.340658      -86.765135     -0.15593576          49
       47.339811      -86.765482     -0.15593576          49
       47.338965      -86.765830     -0.14774513          49
       47.338119      -86.766175     -0.15593576          49
       47.337272      -86.766521     -0.16412687          49
       47.336426      -86.766868     -0.15593576          49
       47.335581      -86.767214     -0.14774513          49
       47.334735      -86.767560     -0.16412687          49
       47.333889      -86.767907     -0.15593576          49
       47.333042      -86.768254     -0.14316750          49
       47.332196      -86.768600     -0.15135813          49
       47.331350      -86.768947     -0.15135813          49
       47.330504      -86.769295     -0.15135813          49
       47.329657      -86.769643     -0.15135813          49
       47.328810      -86.769989     -0.15135813          49
       47.327964      -86.770335     -0.15954924          49
       47.327119      -86.770681     -0.16107702          49
       47.326272      -86.771029     -0.15288591          49
       47.325426      -86.771376     -0.16107702          49
       47.324579      -86.771722     -0.14067411          49
       47.323733      -86.772067     -0.15705585          49
       47.322886      -86.772415     -0.14067411          49
       47.322040      -86.772762     -0.14067411          49
       47.321195      -86.773108     -0.14067411          49
       47.320347      -86.773455     -0.14886522          49
       47.319501      -86.773801     -0.14067411          49
       47.318655      -86.774148     -0.14067411          49
       47.317809      -86.774494     -0.13248348          50
       47.316963      -86.774841     -0.13248348          50
       47.316117      -86.775187     -0.13248348          50
       47.315271      -86.775533     -0.17327166          50
       47.314424      -86.775880     -0.16508055          50
       47.313578      -86.776227     -0.17327166          50
       47.312732      -86.776573     -0.16508055          50
       47.311885      -86.776920     -0.16508055          50
       47.311039      -86.777267     -0.17327166          50
       47.310192      -86.777614     -0.16508055          50
       47.309346      -86.777960     -0.17327166          50
       47.308501      -86.778305     -0.15688992          50
       47.307655      -86.778651     -0.16508055          50
       47.306809      -86.778996     -0.17327166          50
       47.305963      -86.779342     -0.16203165          50
       47.305116      -86.779689     -0.17022276          50
       47.304270      -86.780036     -0.17022276          50
       47.303424      -86.780382     -0.15384102          50
       47.302578      -86.780729     -0.16203165          50
       47.301731      -86.781076     -0.17022276          50
       47.300885      -86.781422     -0.17022276          50
       47.300039      -86.781767     -0.16203165          50
       47.299193      -86.782113     -0.16203165          50
       47.298347      -86.782459     -0.17022276          50
       47.297502      -86.782806     -0.15079403          50
       47.296655      -86.783152     -0.15593576          50
       47.295808      -86.783498     -0.16412687          51
       47.294962      -86.783844     -0.15593576          51
       47.294116      -86.784190     -0.15593576          51
       47.293270      -86.784536     -0.16412687          51
       47.292424      -86.784882     -0.15593576          51
       47.291577      -86.785227     -0.15593576          51
       47.290731      -86.785572     -0.16412687          51
       47.289885      -86.785918     -0.15593576          51
       47.289038      -86.786265     -0.15593576          51
       47.288192      -86.786610     -0.15593576          51
       47.287346      -86.786956     -0.16412687          51
       47.286500      -86.787303     -0.13955402          51
       47.285653      -86.787650     -0.15593576          51
       47.284806      -86.787995     -0.17231750          51
       47.283959      -86.788341     -0.16412687          51
       47.283113      -86.788687     -0.16412687          51
       47.282267      -86.789032     -0.15593576          51
       47.281421      -86.789378     -0.14774513          51
       47.280574      -86.789724     -0.14774513          51
       47.279727      -86.790069     -0.15746069          51
       47.278881      -86.790415     -0.15746069          51
       47.278035      -86.790760     -0.14927006          51
       47.277189      -86.791106     -0.15746069          51
       47.276343      -86.791452     -0.16565180          51
       47.275496      -86.791798     -0.15746069          51
       47.274649      -86.792144     -0.14927006          51
       47.273803      -86.792490     -0.15746069          51
       47.272957      -86.792835     -0.15746069          52
       47.272110      -86.793180     -0.15746069          52
       47.271264      -86.793525     -0.15746069          52
       47.270418      -86.793871     -0.14107895          52
       47.269572      -86.794217     -0.14927006          52
       47.268726      -86.794562     -0.14927006          52
       47.267879      -86.794908     -0.14927006          52
       47.267033      -86.795254     -0.15746069          52
       47.266186      -86.795599     -0.14927006          52
       47.265340      -86.795945     -0.14622116          52
       47.264494      -86.796291     -0.14622116          52
       47.263648      -86.796637     -0.15441179          52
       47.262802      -86.796983     -0.14622116          52
       47.261957      -86.797327     -0.14622116          52
       47.261110      -86.797672     -0.15231895          52
       47.260263      -86.798018     -0.15231895          52
       47.259416      -86.798364     -0.14412785          52
       47.258570      -86.798711     -0.15231895          52
       47.257724      -86.799056     -0.15231895          52
       47.256879      -86.799401     -0.15231895          52
       47.256033      -86.799746     -0.16050959          52
       47.255186      -86.800092     -0.16050959          52
       47.254339      -86.800438     -0.14412785          52
       47.253493      -86.800783     -0.15231895          52
       47.252647      -86.801128     -0.16508055          52
       47.251801      -86.801473     -0.15688992          52
       47.250954      -86.801818     -0.16508055          52
       47.250108      -86.802163     -0.15688992          53
       47.249262      -86.802508     -0.15688992          53
       47.248415      -86.802854     -0.15688992          53
       47.247568      -86.803200     -0.15688992          53
       47.246723      -86.803545     -0.14869881          53
       47.245877      -86.803891     -0.15688992          53
       47.245030      -86.804236     -0.16508055          53
       47.244184      -86.804580     -0.15688992          53
       47.243338      -86.804926     -0.16145706          53
       47.242492      -86.805271     -0.16964769          53
       47.241645      -86.805617     -0.16145706          53
       47.240799      -86.805962     -0.15326595          53
       47.239952      -86.806307     -0.16145706          53
       47.239106      -86.806652     -0.16145706          53
       47.238260      -86.806998     -0.16964769          53
       47.237413      -86.807342     -0.16145706          53
       47.236567      -86.807688     -0.15326595          53
       47.235720      -86.808033     -0.16964769          53
       47.234874      -86.808378     -0.15688992          53
       47.234027      -86.808723     -0.17058659          53
       47.233182      -86.809068     -0.17058659          53
       47.232336      -86.809413     -0.17877722          53
       47.231489      -86.809759     -0.16239548          53
       47.230642      -86.810104     -0.17877722          53
       47.229795      -86.810448     -0.16239548          53
       47.228950      -86.810794     -0.16239548          53
       47.228104      -86.811139     -0.17058659          53
       47.227257      -86.811483     -0.17058659          54
       47.226411      -86.811827     -0.17058659          54
       47.225565      -86.812173     -0.17210579          54
       47.224718      -86.812518     -0.18029642          54
       47.223871      -86.812862     -0.18029642          54
       47.223024      -86.813207     -0.17210579          54
       47.222178      -86.813552     -0.16391468          54
       47.221332      -86.813897     -0.16391468          54
       47.220486      -86.814243     -0.17210579          54
       47.219639      -86.814588     -0.17210579          54
       47.218793      -86.814932     -0.17210579          54
       47.217947      -86.815277     -0.16391468          54
       47.217100      -86.815621     -0.17210579          54
       47.216254      -86.815966     -0.14717484          54
       47.215408      -86.816310     -0.13898420          54
       47.214561      -86.816655     -0.15536594          54
       47.213715      -86.817001     -0.15536594          54
       47.212869      -86.817347     -0.14717484          54
       47.212023      -86.817692     -0.15536594          54
       47.211177      -86.818037     -0.15536594          54
       47.210331      -86.818382     -0.15536594          54
       47.209484      -86.818727     -0.15536594          54
       47.208638      -86.819071     -0.16355658          54
       47.207791      -86.819417     -0.14717484          54
       47.206945      -86.819762     -0.15898466          54
       47.206099      -86.820107     -0.15079403          54
       47.205253      -86.820452     -0.15079403          54
       47.204407      -86.820797     -0.15079403          55
       47.203560      -86.821141     -0.15841198          55
       47.202714      -86.821486     -0.15841198          55
       47.201868      -86.821831     -0.16660261          55
       47.201021      -86.822176     -0.15841198          55
       47.200175      -86.822522     -0.15022087          55
       47.199329      -86.822866     -0.15841198          55
       47.198482      -86.823211     -0.16297817          55
       47.197636      -86.823556     -0.15478706          55
       47.196789      -86.823902     -0.15478706          55
       47.195943      -86.824247     -0.16297817          55
       47.195097      -86.824591     -0.16297817          55
       47.194251      -86.824936     -0.16297817          55
       47.193404      -86.825280     -0.15478706          55
       47.192559      -86.825626     -0.16297817          55
       47.191713      -86.825972     -0.15478706          55
       47.190866      -86.826316     -0.14659643          55
       47.190019      -86.826661     -0.15478706          55
       47.189172      -86.827006     -0.14355135          55
       47.188326      -86.827351     -0.15993309          55
       47.187480      -86.827695     -0.15993309          55
       47.186633      -86.828041     -0.15174198          55
       47.185787      -86.828386     -0.15993309          55
       47.184940      -86.828730     -0.15174198          55
       47.184094      -86.829074     -0.15174198          55
       47.183248      -86.829419     -0.14355135          55
       47.182402      -86.829764     -0.15993309          56
       47.181556      -86.830110     -0.15993309          56
       47.180709      -86.830454     -0.13898420          56
       47.179862      -86.830798     -0.14717484          56
       47.179016      -86.831142     -0.15536594          56
       47.178169      -86.831488     -0.15536594          56
       47.177323      -86.831833     -0.14717484          56
       47.176477      -86.832178     -0.14717484          56
       47.175631      -86.832522     -0.14717484          56
       47.174784      -86.832866     -0.15536594          56
       47.173938      -86.833210     -0.13898420          56
       47.173092      -86.833556     -0.15536594          56
       47.172245      -86.833901     -0.15688992          56
       47.171398      -86.834246     -0.14869881          56
       47.170552      -86.834590     -0.14869881          56
       47.169706      -86.834935     -0.14050817          56
       47.168860      -86.835279     -0.14869881          56
       47.168014      -86.835623     -0.15688992          56
       47.167167      -86.835967     -0.14050817          56
       47.166321      -86.836312     -0.15688992          56
       47.165475      -86.836657     -0.14869881          56
       47.164629      -86.837002     -0.15688992          56
       47.163782      -86.837345     -0.14050817          56
       47.162936      -86.837691     -0.14050817          56
       47.162090      -86.838036     -0.14203024          56
       47.161244      -86.838381     -0.15841198          56
       47.160398      -86.838725     -0.15841198          56
       47.159551      -86.839068     -0.14203024          57
       47.158705      -86.839412     -0.13383913          57
       47.157859      -86.839757     -0.15841198          57
       47.157013      -86.840102     -0.14203024          57
       47.156166      -86.840447     -0.15841198          57
       47.155320      -86.840792     -0.15022087          57
       47.154474      -86.841136     -0.15841198          57
       47.153627      -86.841481     -0.15079403          57
       47.152780      -86.841825     -0.15079403          57
       47.151935      -86.842169     -0.14260292          57
       47.151089      -86.842514     -0.12622118          57
       47.150242      -86.842858     -0.15079403          57
       47.149396      -86.843203     -0.14260292          57
       47.148549      -86.843548     -0.14260292          57
       47.147703      -86.843893     -0.14260292          57
       47.146856      -86.844238     -0.14260292          57
       47.146009      -86.844581     -0.14260292          57
       47.145164      -86.844925     -0.14260292          57
       47.144318      -86.845269     -0.15231895          57
       47.143471      -86.845614     -0.13593721          57
       47.142625      -86.845959     -0.14412785          57
       47.141778      -86.846303     -0.14412785          57
       47.140930      -86.846647     -0.16787863          57
       47.140084      -86.846991     -0.19245100          57
       47.139238      -86.847335     -0.17606926          57
       47.138392      -86.847680     -0.18426037          57
       47.137545      -86.848026     -0.17606926          57
       47.136699      -86.848371     -0.16787863          58
       47.135852      -86.848714     -0.16787863          58
       47.135006      -86.849057     -0.14564991          58
       47.134159      -86.849401     -0.14564991          58
       47.133313      -86.849745     -0.14564991          58
       47.132466      -86.850090     -0.14564991          58
       47.131619      -86.850435     -0.14564991          58
       47.130774      -86.850780     -0.15384102          58
       47.129927      -86.851123     -0.15384102          58
       47.129080      -86.851466     -0.14564991          58
       47.128234      -86.851811     -0.13745928          58
       47.127388      -86.852155     -0.14564991          58
       47.126541      -86.852499     -0.12887287          58
       47.125695      -86.852844     -0.12887287          58
       47.124848      -86.853187     -0.13706398          58
       47.124001      -86.853531     -0.12068224          58
       47.123154      -86.853876     -0.12887287          58
       47.122308      -86.854220     -0.12887287          58
       47.121461      -86.854564     -0.12887287          58
       47.120615      -86.854908     -0.12068224          58
       47.119769      -86.855253     -0.12887287          58
       47.118923      -86.855597     -0.13706398          58
       47.118076      -86.855941     -0.13706398          58
       47.117229      -86.856284     -0.13248348          58
       47.116382      -86.856628     -0.12429237          58
       47.115536      -86.856972     -0.13248348          58
       47.114689      -86.857316     -0.13248348          58
       47.113842      -86.857660     -0.12429237          59
       47.112995      -86.858005     -0.11610174          59
       47.112149      -86.858349     -0.12429237          59
       47.111303      -86.858693     -0.13248348          59
       47.110456      -86.859035     -0.11610174          59
       47.109609      -86.859379     -0.11610174          59
       47.108763      -86.859722     -0.11610174          59
       47.107916      -86.860066     -0.12429237          59
       47.107070      -86.860410     -0.12429237          59
       47.106223      -86.860754     -0.10791063          59
       47.105376      -86.861097     -0.10791063          59
       47.104530      -86.861442     -0.12429237          59
       47.103684      -86.861786     -0.12429237          59
       47.102837      -86.862129     -0.12429237          59
       47.101990      -86.862472     -0.12429237          59
       47.101144      -86.862817     -0.13248348          59
       47.100297      -86.863160     -0.13248348          59
       47.099451      -86.863504     -0.12581921          59
       47.098604      -86.863847     -0.12581921          59
       47.097758      -86.864191     -0.11762857          59
       47.096911      -86.864534     -0.12581921          59
       47.096065      -86.864879     -0.11762857          59
       47.095219      -86.865223     -0.12581921          59
       47.094372      -86.865566     -0.12581921          59
       47.093526      -86.865910     -0.12581921          59
       47.092679      -86.866253     -0.12581921          59
       47.091833      -86.866597     -0.11762857          59
       47.090987      -86.866941     -0.11762857          60
       47.090141      -86.867285     -0.12581921          60
       47.089293      -86.867629     -0.11762857          60
       47.088447      -86.867973     -0.12581921          60
       47.087601      -86.868317     -0.12581921          60
       47.086755      -86.868660     -0.11762857          60
       47.085909      -86.869002     -0.11762857          60
       47.085062      -86.869346     -0.12581921          60
       47.084216      -86.869690     -0.11762857          60
       47.083370      -86.870034     -0.11762857          60
       47.082523      -86.870377     -0.11762857          60
       47.081676      -86.870721     -0.12220812          60
       47.080830      -86.871065     -0.12220812          60
