       48.430598      -86.310545     -0.33174324       0
       48.417079      -86.316291     -0.34094524       1
       48.395111      -86.325617     -0.31229258       2
       48.372297      -86.335299     -0.34146881       3
       48.349484      -86.344967     -0.29488850       4
       48.326667      -86.354630     -0.25239897       5
       48.303849      -86.364283     -0.23498106       6
       48.281031      -86.373927     -0.24828625       7
       48.259057      -86.383212     -0.26928377       8
       48.236237      -86.392842     -0.28311491       9
       48.213415      -86.402467     -0.27339029      10
       48.190591      -86.412094     -0.26775122      11
       48.167768      -86.421710     -0.26975918      12
       48.145791      -86.430964     -0.27794981      13
       48.122965      -86.440567     -0.26210213      14
       48.100139      -86.450159     -0.31365156      15
       48.077313      -86.459747     -0.28046894      16
       48.054488      -86.469323     -0.25544262      17
       48.032506      -86.478537     -0.25589609      18
       48.009677      -86.488101     -0.25589609      19
       47.986849      -86.497652     -0.25076199      20
       47.964017      -86.507197     -0.22367430      21
       47.941188      -86.516734     -0.19144917      22
       47.919203      -86.525909     -0.19144917      23
       47.896371      -86.535433     -0.19757175      24
       47.873541      -86.544947     -0.20216274      25
       47.850705      -86.554464     -0.20008612      26
       47.828724      -86.563622     -0.22965336      27
       47.805892      -86.573127     -0.19036913      28
       47.783061      -86.582629     -0.20314550      29
       47.760229      -86.592117     -0.19439983      30
       47.737395      -86.601598     -0.17857265      31
       47.715408      -86.610717     -0.18926430      32
       47.692571      -86.620177     -0.17398739      33
       47.669734      -86.629632     -0.15760565      34
       47.646898      -86.639080     -0.17745829      35
       47.624061      -86.648525     -0.18050814      36
       47.602069      -86.657621     -0.16011047      37
       47.579234      -86.667056     -0.16982698      38
       47.556393      -86.676485     -0.17898417      39
       47.533552      -86.685904     -0.16677332      40
       47.511557      -86.694962     -0.15552998      41
       47.488716      -86.704362     -0.16717577      42
       47.465874      -86.713749     -0.16316223      43
       47.443034      -86.723132     -0.15497160      44
       47.420191      -86.732513     -0.17841339      45
       47.398195      -86.741540     -0.17022276      46
       47.375350      -86.750914     -0.15746069      47
       47.352505      -86.760283     -0.17174768      48
       47.329657      -86.769643     -0.15135813      49
       47.306809      -86.778996     -0.17327166      50
       47.284806      -86.787995     -0.17231750      51
       47.261957      -86.797327     -0.14622116      52
       47.239106      -86.806652     -0.16145706      53
       47.216254      -86.815966     -0.14717484      54
       47.193404      -86.825280     -0.15478706      55
       47.171398      -86.834246     -0.14869881      56
       47.148549      -86.843548     -0.14260292      57
       47.125695      -86.852844     -0.12887287      58
       47.102837      -86.862129     -0.12429237      59
       47.085909      -86.869002     -0.11762857      60
