      -84.351982      -84.363136      -84.374268      -84.385384      -84.396477
      -84.407555      -84.418617      -84.429665      -84.440689      -84.451691
      -84.462685      -84.473656      -84.484612      -84.495552      -84.506470
      -84.517372      -84.528259      -84.539131      -84.549988      -84.560822
      -84.571640      -84.582443      -84.593231      -84.603996      -84.614754
      -84.625488      -84.636208      -84.646919      -84.657608      -84.668274
      -84.678932      -84.689575      -84.700203      -84.710815      -84.721405
      -84.731987      -84.742546      -84.753098      -84.763634      -84.774147
      -84.784653      -84.795143      -84.805611      -84.816071      -84.826515
      -84.836945      -84.847359      -84.857758      -84.868141      -84.878517
      -84.888870      -84.899216      -84.909546      -84.919853      -84.930161
      -84.940445      -84.950714      -84.960976      -84.971222      -84.981453
      -84.991669
      -84.270035      -84.281204      -84.292358      -84.303497      -84.314613
      -84.325714      -84.336800      -84.347862      -84.358910      -84.369934
      -84.380951      -84.391937      -84.402916      -84.413872      -84.424820
      -84.435738      -84.446648      -84.457535      -84.468414      -84.479271
      -84.490105      -84.500931      -84.511734      -84.522530      -84.533302
      -84.544060      -84.554794      -84.565521      -84.576233      -84.586922
      -84.597603      -84.608261      -84.618904      -84.629532      -84.640152
      -84.650749      -84.661331      -84.671898      -84.682449      -84.692986
      -84.703506      -84.714012      -84.724510      -84.734985      -84.745445
      -84.755890      -84.766327      -84.776741      -84.787148      -84.797539
      -84.807915      -84.818275      -84.828621      -84.838951      -84.849266
      -84.859573      -84.869865      -84.880142      -84.890404      -84.900650
      -84.910889
      -84.303497      -84.314613      -84.325714      -84.336800      -84.347862
      -84.358910      -84.369934      -84.380951      -84.391937      -84.402916
      -84.413872      -84.424820      -84.435738      -84.446648      -84.457535
      -84.468414      -84.479271      -84.490105      -84.500931      -84.511734
      -84.522530      -84.533302      -84.544060      -84.554794      -84.565521
      -84.576233      -84.586922      -84.597603      -84.608261      -84.618904
      -84.629532      -84.640152      -84.650749      -84.661331      -84.671898
      -84.682449      -84.692986      -84.703506      -84.714012      -84.724510
      -84.734985      -84.745445      -84.755890      -84.766327      -84.776741
      -84.787148      -84.797539      -84.807915      -84.818275      -84.828621
      -84.838951      -84.849266      -84.859573      -84.869865      -84.880142
      -84.890404      -84.900650      -84.910889      -84.921104      -84.931313
      -84.941505
      -84.325714      -84.336800      -84.347862      -84.358910      -84.369934
      -84.380951      -84.391937      -84.402916      -84.413872      -84.424820
      -84.435738      -84.446648      -84.457535      -84.468414      -84.479271
      -84.490105      -84.500931      -84.511734      -84.522530      -84.533302
      -84.544060      -84.554794      -84.565521      -84.576233      -84.586922
      -84.597603      -84.608261      -84.618904      -84.629532      -84.640152
      -84.650749      -84.661331      -84.671898      -84.682449      -84.692986
      -84.703506      -84.714012      -84.724510      -84.734985      -84.745445
      -84.755890      -84.766327      -84.776741      -84.787148      -84.797539
      -84.807915      -84.818275      -84.828621      -84.838951      -84.849266
      -84.859573      -84.869865      -84.880142      -84.890404      -84.900650
      -84.910889      -84.921104      -84.931313      -84.941505      -84.951691
      -84.961861
      -84.358910      -84.369934      -84.380951      -84.391937      -84.402916
      -84.413872      -84.424820      -84.435738      -84.446648      -84.457535
      -84.468414      -84.479271      -84.490105      -84.500931      -84.511734
      -84.522530      -84.533302      -84.544060      -84.554794      -84.565521
      -84.576233      -84.586922      -84.597603      -84.608261      -84.618904
      -84.629532      -84.640152      -84.650749      -84.661331      -84.671898
      -84.682449      -84.692986      -84.703506      -84.714012      -84.724510
      -84.734985      -84.745445      -84.755890      -84.766327      -84.776741
      -84.787148      -84.797539      -84.807915      -84.818275      -84.828621
      -84.838951      -84.849266      -84.859573      -84.869865      -84.880142
      -84.890404      -84.900650      -84.910889      -84.921104      -84.931313
      -84.941505      -84.951691      -84.961861      -84.972015      -84.982155
      -84.992279
      -84.380951      -84.391937      -84.402916      -84.413872      -84.424820
      -84.435738      -84.446648      -84.457535      -84.468414      -84.479271
      -84.490105      -84.500931      -84.511734      -84.522530      -84.533302
      -84.544060      -84.554794      -84.565521      -84.576233      -84.586922
      -84.597603      -84.608261      -84.618904      -84.629532      -84.640152
      -84.650749      -84.661331      -84.671898      -84.682449      -84.692986
      -84.703506      -84.714012      -84.724510      -84.734985      -84.745445
      -84.755890      -84.766327      -84.776741      -84.787148      -84.797539
      -84.807915      -84.818275      -84.828621      -84.838951      -84.849266
      -84.859573      -84.869865      -84.880142      -84.890404      -84.900650
      -84.910889      -84.921104      -84.931313      -84.941505      -84.951691
      -84.961861      -84.972015      -84.982155      -84.992279      -85.002396
      -85.012497
      -84.413872      -84.424820      -84.435738      -84.446648      -84.457535
      -84.468414      -84.479271      -84.490105      -84.500931      -84.511734
      -84.522530      -84.533302      -84.544060      -84.554794      -84.565521
      -84.576233      -84.586922      -84.597603      -84.608261      -84.618904
      -84.629532      -84.640152      -84.650749      -84.661331      -84.671898
      -84.682449      -84.692986      -84.703506      -84.714012      -84.724510
      -84.734985      -84.745445      -84.755890      -84.766327      -84.776741
      -84.787148      -84.797539      -84.807915      -84.818275      -84.828621
      -84.838951      -84.849266      -84.859573      -84.869865      -84.880142
      -84.890404      -84.900650      -84.910889      -84.921104      -84.931313
      -84.941505      -84.951691      -84.961861      -84.972015      -84.982155
      -84.992279      -85.002396      -85.012497      -85.022591      -85.032661
      -85.042732
      -83.826515      -83.837769      -83.849007      -83.860222      -83.871422
      -83.882599      -83.893761      -83.904907      -83.916031      -83.927139
      -83.938232      -83.949303      -83.960358      -83.971397      -83.982414
      -83.993416      -84.004402      -84.015366      -84.026321      -84.037254
      -84.048172      -84.059067      -84.069954      -84.080818      -84.091667
      -84.102501      -84.113319      -84.124115      -84.134903      -84.145668
      -84.156418      -84.167160      -84.177879      -84.188583      -84.199265
      -84.209938      -84.220596      -84.231239      -84.241859      -84.252472
      -84.263069      -84.273643      -84.284210      -84.294754      -84.305290
      -84.315811      -84.326317      -84.336800      -84.347275      -84.357735
      -84.368179      -84.378609      -84.389023      -84.399429      -84.409813
      -84.420189      -84.430542      -84.440887      -84.451218      -84.461540
      -84.471840
      -84.435738      -84.446648      -84.457535      -84.468414      -84.479271
      -84.490105      -84.500931      -84.511734      -84.522530      -84.533302
      -84.544060      -84.554794      -84.565521      -84.576233      -84.586922
      -84.597603      -84.608261      -84.618904      -84.629532      -84.640152
      -84.650749      -84.661331      -84.671898      -84.682449      -84.692986
      -84.703506      -84.714012      -84.724510      -84.734985      -84.745445
      -84.755890      -84.766327      -84.776741      -84.787148      -84.797539
      -84.807915      -84.818275      -84.828621      -84.838951      -84.849266
      -84.859573      -84.869865      -84.880142      -84.890404      -84.900650
      -84.910889      -84.921104      -84.931313      -84.941505      -84.951691
      -84.961861      -84.972015      -84.982155      -84.992279      -85.002396
      -85.012497      -85.022591      -85.032661      -85.042732      -85.052780
      -85.062820
      -83.849007      -83.860222      -83.871422      -83.882599      -83.893761
      -83.904907      -83.916031      -83.927139      -83.938232      -83.949303
      -83.960358      -83.971397      -83.982414      -83.993416      -84.004402
      -84.015366      -84.026321      -84.037254      -84.048172      -84.059067
      -84.069954      -84.080818      -84.091667      -84.102501      -84.113319
      -84.124115      -84.134903      -84.145668      -84.156418      -84.167160
      -84.177879      -84.188583      -84.199265      -84.209938      -84.220596
      -84.231239      -84.241859      -84.252472      -84.263069      -84.273643
      -84.284210      -84.294754      -84.305290      -84.315811      -84.326317
      -84.336800      -84.347275      -84.357735      -84.368179      -84.378609
      -84.389023      -84.399429      -84.409813      -84.420189      -84.430542
      -84.440887      -84.451218      -84.461540      -84.471840      -84.482124
      -84.492401
      -84.468414      -84.479271      -84.490105      -84.500931      -84.511734
      -84.522530      -84.533302      -84.544060      -84.554794      -84.565521
      -84.576233      -84.586922      -84.597603      -84.608261      -84.618904
      -84.629532      -84.640152      -84.650749      -84.661331      -84.671898
      -84.682449      -84.692986      -84.703506      -84.714012      -84.724510
      -84.734985      -84.745445      -84.755890      -84.766327      -84.776741
      -84.787148      -84.797539      -84.807915      -84.818275      -84.828621
      -84.838951      -84.849266      -84.859573      -84.869865      -84.880142
      -84.890404      -84.900650      -84.910889      -84.921104      -84.931313
      -84.941505      -84.951691      -84.961861      -84.972015      -84.982155
      -84.992279      -85.002396      -85.012497      -85.022591      -85.032661
      -85.042732      -85.052780      -85.062820      -85.072845      -85.082855
      -85.092857
      -83.882599      -83.893761      -83.904907      -83.916031      -83.927139
      -83.938232      -83.949303      -83.960358      -83.971397      -83.982414
      -83.993416      -84.004402      -84.015366      -84.026321      -84.037254
      -84.048172      -84.059067      -84.069954      -84.080818      -84.091667
      -84.102501      -84.113319      -84.124115      -84.134903      -84.145668
      -84.156418      -84.167160      -84.177879      -84.188583      -84.199265
      -84.209938      -84.220596      -84.231239      -84.241859      -84.252472
      -84.263069      -84.273643      -84.284210      -84.294754      -84.305290
      -84.315811      -84.326317      -84.336800      -84.347275      -84.357735
      -84.368179      -84.378609      -84.389023      -84.399429      -84.409813
      -84.420189      -84.430542      -84.440887      -84.451218      -84.461540
      -84.471840      -84.482124      -84.492401      -84.502663      -84.512909
      -84.523148
      -84.490105      -84.500931      -84.511734      -84.522530      -84.533302
      -84.544060      -84.554794      -84.565521      -84.576233      -84.586922
      -84.597603      -84.608261      -84.618904      -84.629532      -84.640152
      -84.650749      -84.661331      -84.671898      -84.682449      -84.692986
      -84.703506      -84.714012      -84.724510      -84.734985      -84.745445
      -84.755890      -84.766327      -84.776741      -84.787148      -84.797539
      -84.807915      -84.818275      -84.828621      -84.838951      -84.849266
      -84.859573      -84.869865      -84.880142      -84.890404      -84.900650
      -84.910889      -84.921104      -84.931313      -84.941505      -84.951691
      -84.961861      -84.972015      -84.982155      -84.992279      -85.002396
      -85.012497      -85.022591      -85.032661      -85.042732      -85.052780
      -85.062820      -85.072845      -85.082855      -85.092857      -85.102844
      -85.112823
      -83.904907      -83.916031      -83.927139      -83.938232      -83.949303
      -83.960358      -83.971397      -83.982414      -83.993416      -84.004402
      -84.015366      -84.026321      -84.037254      -84.048172      -84.059067
      -84.069954      -84.080818      -84.091667      -84.102501      -84.113319
      -84.124115      -84.134903      -84.145668      -84.156418      -84.167160
      -84.177879      -84.188583      -84.199265      -84.209938      -84.220596
      -84.231239      -84.241859      -84.252472      -84.263069      -84.273643
      -84.284210      -84.294754      -84.305290      -84.315811      -84.326317
      -84.336800      -84.347275      -84.357735      -84.368179      -84.378609
      -84.389023      -84.399429      -84.409813      -84.420189      -84.430542
      -84.440887      -84.451218      -84.461540      -84.471840      -84.482124
      -84.492401      -84.502663      -84.512909      -84.523148      -84.533363
      -84.543571
      -83.801453      -83.812630      -83.823792      -83.834930      -83.846062
      -83.857170      -83.868256      -83.879326      -83.890381      -83.901421
      -83.912437      -83.923447      -83.934425      -83.945396      -83.956345
      -83.967278      -83.978195      -83.989098      -83.999977      -84.010849
      -84.021698      -84.032532      -84.043343      -84.054146      -84.064934
      -84.075699      -84.086449      -84.097183      -84.107903      -84.118607
      -84.129295      -84.139969      -84.150627      -84.161270      -84.171890
      -84.182503      -84.193100      -84.203674      -84.214241      -84.224792
      -84.235329      -84.245842      -84.256348      -84.266838      -84.277313
      -84.287773      -84.298218      -84.308647      -84.319061      -84.329468
      -84.339851      -84.350227      -84.360588      -84.370934      -84.381264
      -84.391579      -84.401878      -84.412170      -84.422447      -84.432709
      -84.442955
      -84.522530      -84.533302      -84.544060      -84.554794      -84.565521
      -84.576233      -84.586922      -84.597603      -84.608261      -84.618904
      -84.629532      -84.640152      -84.650749      -84.661331      -84.671898
      -84.682449      -84.692986      -84.703506      -84.714012      -84.724510
      -84.734985      -84.745445      -84.755890      -84.766327      -84.776741
      -84.787148      -84.797539      -84.807915      -84.818275      -84.828621
      -84.838951      -84.849266      -84.859573      -84.869865      -84.880142
      -84.890404      -84.900650      -84.910889      -84.921104      -84.931313
      -84.941505      -84.951691      -84.961861      -84.972015      -84.982155
      -84.992279      -85.002396      -85.012497      -85.022591      -85.032661
      -85.042732      -85.052780      -85.062820      -85.072845      -85.082855
      -85.092857      -85.102844      -85.112823      -85.122787      -85.132736
      -85.142677
      -83.834930      -83.846062      -83.857170      -83.868256      -83.879326
      -83.890381      -83.901421      -83.912437      -83.923447      -83.934425
      -83.945396      -83.956345      -83.967278      -83.978195      -83.989098
      -83.999977      -84.010849      -84.021698      -84.032532      -84.043343
      -84.054146      -84.064934      -84.075699      -84.086449      -84.097183
      -84.107903      -84.118607      -84.129295      -84.139969      -84.150627
      -84.161270      -84.171890      -84.182503      -84.193100      -84.203674
      -84.214241      -84.224792      -84.235329      -84.245842      -84.256348
      -84.266838      -84.277313      -84.287773      -84.298218      -84.308647
      -84.319061      -84.329468      -84.339851      -84.350227      -84.360588
      -84.370934      -84.381264      -84.391579      -84.401878      -84.412170
      -84.422447      -84.432709      -84.442955      -84.453186      -84.463409
      -84.473618
      -84.646919      -84.657608      -84.668274      -84.678932      -84.689575
      -84.700203      -84.710815      -84.721405      -84.731987      -84.742546
      -84.753098      -84.763634      -84.774147      -84.784653      -84.795143
      -84.805611      -84.816071      -84.826515      -84.836945      -84.847359
      -84.857758      -84.868141      -84.878517      -84.888870      -84.899216
      -84.909546      -84.919853      -84.930161      -84.940445      -84.950714
      -84.960976      -84.971222      -84.981453      -84.991669      -85.001869
      -85.012062      -85.022240      -85.032402      -85.042557      -85.052689
      -85.062813      -85.072929      -85.083023      -85.093109      -85.103180
      -85.113243      -85.123291      -85.133324      -85.143349      -85.153358
      -85.163353      -85.173340      -85.183311      -85.193268      -85.203217
      -85.213158      -85.223076      -85.232986      -85.242889      -85.252777
      -85.262657
      -83.857170      -83.868256      -83.879326      -83.890381      -83.901421
      -83.912437      -83.923447      -83.934425      -83.945396      -83.956345
      -83.967278      -83.978195      -83.989098      -83.999977      -84.010849
      -84.021698      -84.032532      -84.043343      -84.054146      -84.064934
      -84.075699      -84.086449      -84.097183      -84.107903      -84.118607
      -84.129295      -84.139969      -84.150627      -84.161270      -84.171890
      -84.182503      -84.193100      -84.203674      -84.214241      -84.224792
      -84.235329      -84.245842      -84.256348      -84.266838      -84.277313
      -84.287773      -84.298218      -84.308647      -84.319061      -84.329468
      -84.339851      -84.350227      -84.360588      -84.370934      -84.381264
      -84.391579      -84.401878      -84.412170      -84.422447      -84.432709
      -84.442955      -84.453186      -84.463409      -84.473618      -84.483810
      -84.493996
      -84.678932      -84.689575      -84.700203      -84.710815      -84.721405
      -84.731987      -84.742546      -84.753098      -84.763634      -84.774147
      -84.784653      -84.795143      -84.805611      -84.816071      -84.826515
      -84.836945      -84.847359      -84.857758      -84.868141      -84.878517
      -84.888870      -84.899216      -84.909546      -84.919853      -84.930161
      -84.940445      -84.950714      -84.960976      -84.971222      -84.981453
      -84.991669      -85.001869      -85.012062      -85.022240      -85.032402
      -85.042557      -85.052689      -85.062813      -85.072929      -85.083023
      -85.093109      -85.103180      -85.113243      -85.123291      -85.133324
      -85.143349      -85.153358      -85.163353      -85.173340      -85.183311
      -85.193268      -85.203217      -85.213158      -85.223076      -85.232986
      -85.242889      -85.252777      -85.262657      -85.272514      -85.282372
      -85.292213
      -83.890381      -83.901421      -83.912437      -83.923447      -83.934425
      -83.945396      -83.956345      -83.967278      -83.978195      -83.989098
      -83.999977      -84.010849      -84.021698      -84.032532      -84.043343
      -84.054146      -84.064934      -84.075699      -84.086449      -84.097183
      -84.107903      -84.118607      -84.129295      -84.139969      -84.150627
      -84.161270      -84.171890      -84.182503      -84.193100      -84.203674
      -84.214241      -84.224792      -84.235329      -84.245842      -84.256348
      -84.266838      -84.277313      -84.287773      -84.298218      -84.308647
      -84.319061      -84.329468      -84.339851      -84.350227      -84.360588
      -84.370934      -84.381264      -84.391579      -84.401878      -84.412170
      -84.422447      -84.432709      -84.442955      -84.453186      -84.463409
      -84.473618      -84.483810      -84.493996      -84.504158      -84.514313
      -84.524452
      -84.700203      -84.710815      -84.721405      -84.731987      -84.742546
      -84.753098      -84.763634      -84.774147      -84.784653      -84.795143
      -84.805611      -84.816071      -84.826515      -84.836945      -84.847359
      -84.857758      -84.868141      -84.878517      -84.888870      -84.899216
      -84.909546      -84.919853      -84.930161      -84.940445      -84.950714
      -84.960976      -84.971222      -84.981453      -84.991669      -85.001869
      -85.012062      -85.022240      -85.032402      -85.042557      -85.052689
      -85.062813      -85.072929      -85.083023      -85.093109      -85.103180
      -85.113243      -85.123291      -85.133324      -85.143349      -85.153358
      -85.163353      -85.173340      -85.183311      -85.193268      -85.203217
      -85.213158      -85.223076      -85.232986      -85.242889      -85.252777
      -85.262657      -85.272514      -85.282372      -85.292213      -85.302040
      -85.311859
      -84.597603      -84.608261      -84.618904      -84.629532      -84.640152
      -84.650749      -84.661331      -84.671898      -84.682449      -84.692986
      -84.703506      -84.714012      -84.724510      -84.734985      -84.745445
      -84.755890      -84.766327      -84.776741      -84.787148      -84.797539
      -84.807915      -84.818275      -84.828621      -84.838951      -84.849266
      -84.859573      -84.869865      -84.880142      -84.890404      -84.900650
      -84.910889      -84.921104      -84.931313      -84.941505      -84.951691
      -84.961861      -84.972015      -84.982155      -84.992279      -85.002396
      -85.012497      -85.022591      -85.032661      -85.042732      -85.052780
      -85.062820      -85.072845      -85.082855      -85.092857      -85.102844
      -85.112823      -85.122787      -85.132736      -85.142677      -85.152603
      -85.162521      -85.172424      -85.182320      -85.192200      -85.202065
      -85.211922
      -83.912437      -83.923447      -83.934425      -83.945396      -83.956345
      -83.967278      -83.978195      -83.989098      -83.999977      -84.010849
      -84.021698      -84.032532      -84.043343      -84.054146      -84.064934
      -84.075699      -84.086449      -84.097183      -84.107903      -84.118607
      -84.129295      -84.139969      -84.150627      -84.161270      -84.171890
      -84.182503      -84.193100      -84.203674      -84.214241      -84.224792
      -84.235329      -84.245842      -84.256348      -84.266838      -84.277313
      -84.287773      -84.298218      -84.308647      -84.319061      -84.329468
      -84.339851      -84.350227      -84.360588      -84.370934      -84.381264
      -84.391579      -84.401878      -84.412170      -84.422447      -84.432709
      -84.442955      -84.453186      -84.463409      -84.473618      -84.483810
      -84.493996      -84.504158      -84.514313      -84.524452      -84.534584
      -84.544701
      -83.809448      -83.820503      -83.831535      -83.842560      -83.853561
      -83.864540      -83.875511      -83.886459      -83.897392      -83.908310
      -83.919212      -83.930092      -83.940956      -83.951805      -83.962639
      -83.973457      -83.984261      -83.995041      -84.005806      -84.016563
      -84.027298      -84.038017      -84.048721      -84.059410      -84.070084
      -84.080734      -84.091377      -84.102005      -84.112610      -84.123207
      -84.133789      -84.144348      -84.154900      -84.165436      -84.175957
      -84.186455      -84.196945      -84.207420      -84.217880      -84.228325
      -84.238754      -84.249176      -84.259575      -84.269966      -84.280334
      -84.290695      -84.301041      -84.311371      -84.321686      -84.331993
      -84.342278      -84.352554      -84.362816      -84.373062      -84.383301
      -84.393517      -84.403725      -84.413925      -84.424103      -84.434273
      -84.444427
      -84.629532      -84.640152      -84.650749      -84.661331      -84.671898
      -84.682449      -84.692986      -84.703506      -84.714012      -84.724510
      -84.734985      -84.745445      -84.755890      -84.766327      -84.776741
      -84.787148      -84.797539      -84.807915      -84.818275      -84.828621
      -84.838951      -84.849266      -84.859573      -84.869865      -84.880142
      -84.890404      -84.900650      -84.910889      -84.921104      -84.931313
      -84.941505      -84.951691      -84.961861      -84.972015      -84.982155
      -84.992279      -85.002396      -85.012497      -85.022591      -85.032661
      -85.042732      -85.052780      -85.062820      -85.072845      -85.082855
      -85.092857      -85.102844      -85.112823      -85.122787      -85.132736
      -85.142677      -85.152603      -85.162521      -85.172424      -85.182320
      -85.192200      -85.202065      -85.211922      -85.221764      -85.231598
      -85.241425
      -84.561211      -84.571861      -84.582497      -84.593109      -84.603706
      -84.614296      -84.624863      -84.635422      -84.645958      -84.656479
      -84.666992      -84.677483      -84.687965      -84.698425      -84.708878
      -84.719315      -84.729736      -84.740143      -84.750534      -84.760910
      -84.771271      -84.781616      -84.791954      -84.802277      -84.812576
      -84.822876      -84.833153      -84.843414      -84.853668      -84.863907
      -84.874130      -84.884338      -84.894531      -84.904716      -84.914886
      -84.925041      -84.935188      -84.945320      -84.955437      -84.965538
      -84.975632      -84.985710      -84.995773      -85.005829      -85.015869
      -85.025902      -85.035912      -85.045921      -85.055908      -85.065887
      -85.075851      -85.085808      -85.095749      -85.105682      -85.115593
      -85.125504      -85.135399      -85.145279      -85.155151      -85.165009
      -85.174858
      -83.842560      -83.853561      -83.864540      -83.875511      -83.886459
      -83.897392      -83.908310      -83.919212      -83.930092      -83.940956
      -83.951805      -83.962639      -83.973457      -83.984261      -83.995041
      -84.005806      -84.016563      -84.027298      -84.038017      -84.048721
      -84.059410      -84.070084      -84.080734      -84.091377      -84.102005
      -84.112610      -84.123207      -84.133789      -84.144348      -84.154900
      -84.165436      -84.175957      -84.186455      -84.196945      -84.207420
      -84.217880      -84.228325      -84.238754      -84.249176      -84.259575
      -84.269966      -84.280334      -84.290695      -84.301041      -84.311371
      -84.321686      -84.331993      -84.342278      -84.352554      -84.362816
      -84.373062      -84.383301      -84.393517      -84.403725      -84.413925
      -84.424103      -84.434273      -84.444427      -84.454567      -84.464691
      -84.474808
      -84.582497      -84.593109      -84.603706      -84.614296      -84.624863
      -84.635422      -84.645958      -84.656479      -84.666992      -84.677483
      -84.687965      -84.698425      -84.708878      -84.719315      -84.729736
      -84.740143      -84.750534      -84.760910      -84.771271      -84.781616
      -84.791954      -84.802277      -84.812576      -84.822876      -84.833153
      -84.843414      -84.853668      -84.863907      -84.874130      -84.884338
      -84.894531      -84.904716      -84.914886      -84.925041      -84.935188
      -84.945320      -84.955437      -84.965538      -84.975632      -84.985710
      -84.995773      -85.005829      -85.015869      -85.025902      -85.035912
      -85.045921      -85.055908      -85.065887      -85.075851      -85.085808
      -85.095749      -85.105682      -85.115593      -85.125504      -85.135399
      -85.145279      -85.155151      -85.165009      -85.174858      -85.184692
      -85.194511
      -84.480080      -84.490746      -84.501396      -84.512032      -84.522652
      -84.533249      -84.543839      -84.554413      -84.564972      -84.575508
      -84.586037      -84.596550      -84.607048      -84.617531      -84.627998
      -84.638451      -84.648888      -84.659309      -84.669716      -84.680115
      -84.690491      -84.700859      -84.711212      -84.721550      -84.731873
      -84.742180      -84.752480      -84.762756      -84.773026      -84.783279
      -84.793518      -84.803749      -84.813957      -84.824158      -84.834343
      -84.844521      -84.854675      -84.864822      -84.874962      -84.885078
      -84.895187      -84.905281      -84.915367      -84.925430      -84.935486
      -84.945534      -84.955566      -84.965584      -84.975586      -84.985580
      -84.995560      -85.005531      -85.015488      -85.025436      -85.035370
      -85.045288      -85.055199      -85.065094      -85.074982      -85.084854
      -85.094711
      -83.864540      -83.875511      -83.886459      -83.897392      -83.908310
      -83.919212      -83.930092      -83.940956      -83.951805      -83.962639
      -83.973457      -83.984261      -83.995041      -84.005806      -84.016563
      -84.027298      -84.038017      -84.048721      -84.059410      -84.070084
      -84.080734      -84.091377      -84.102005      -84.112610      -84.123207
      -84.133789      -84.144348      -84.154900      -84.165436      -84.175957
      -84.186455      -84.196945      -84.207420      -84.217880      -84.228325
      -84.238754      -84.249176      -84.259575      -84.269966      -84.280334
      -84.290695      -84.301041      -84.311371      -84.321686      -84.331993
      -84.342278      -84.352554      -84.362816      -84.373062      -84.383301
      -84.393517      -84.403725      -84.413925      -84.424103      -84.434273
      -84.444427      -84.454567      -84.464691      -84.474808      -84.484909
      -84.495003
      -84.512032      -84.522652      -84.533249      -84.543839      -84.554413
      -84.564972      -84.575508      -84.586037      -84.596550      -84.607048
      -84.617531      -84.627998      -84.638451      -84.648888      -84.659309
      -84.669716      -84.680115      -84.690491      -84.700859      -84.711212
      -84.721550      -84.731873      -84.742180      -84.752480      -84.762756
      -84.773026      -84.783279      -84.793518      -84.803749      -84.813957
      -84.824158      -84.834343      -84.844521      -84.854675      -84.864822
      -84.874962      -84.885078      -84.895187      -84.905281      -84.915367
      -84.925430      -84.935486      -84.945534      -84.955566      -84.965584
      -84.975586      -84.985580      -84.995560      -85.005531      -85.015488
      -85.025436      -85.035370      -85.045288      -85.055199      -85.065094
      -85.074982      -85.084854      -85.094711      -85.104561      -85.114403
      -85.124229
